0 0.560063374818647 0.220472440944882 0.737173888967812 0.4 0.112880169351181
0 0.93457008048021 0.503937007874016 0.654803322708852 0.4 0.258011815659841
0.0670357061168292 0.298775971422096 0.511811023622047 0.123490309538899 0.6 0.294757197964264
0.0670357061168292 0.487345645735654 0.511811023622047 0.468316082350333 0.6 0.294757197964264
0.10763842335381 0.160777495819646 0.763779527559055 0.123490309538899 0.8 0.443577548641015
0.126850150572236 0.0750933502543975 0.488188976377953 0.123490309538899 0.8 0.311852809749503
0.14538815668388 0.406341050917179 0.251968503937008 0.859927927803864 0.6 0.199956462799057
0.14538815668388 0.0750933502543975 0.31496062992126 0.628996381325591 0.6 0.232207939756538
0.14538815668388 0.428501784693639 0.637795275590551 0.408737819242607 0.6 0.397496759163623
0.163288310686206 0.459207091976074 0.291338582677165 0.603959770592636 0.4 0.228849050730889
0.163288310686206 0.687167508427955 0.283464566929134 0.708857586651151 0.4 0.224817616111204
0.180583884149858 0.428501784693639 0.480314960629921 0.468316082350333 0.6 0.33404385641614
0.197305788339802 0.370037582522328 0.62992125984252 0.38995336427727 0.6 0.418801533920884
0.197305788339802 0.134846319931505 0.417322834645669 0.199338374968847 0.8 0.309952799189388
0.213482785348537 0.692225933704447 0.425196850393701 0.708857586651151 0.4 0.321878734583297
0.229141676548975 0.417606134735786 0.31496062992126 0.336561300228931 0.8 0.273080311004546
0.229141676548975 0.428501784693639 0.677165354330709 0.556077595392986 0.4 0.458526303510057
0.229141676548975 0.57433909996003 0.448818897637795 0.447899024123338 0.6 0.341614699539191
0.229141676548975 0.24689311623375 0.188976377952756 0.8277331449521 0.6 0.208577357089585
0.229141676548975 0.781003585770755 0.606299212598425 0.737173888967812 0.4 0.422243391932891
0.244307471197245 0.417606134735786 0.251968503937008 0.319693745911704 0.6 0.248229860178667
0.25900353761506 0.552699968949713 0.448818897637795 0.893201821221105 0.4 0.356187520760501
0.25900353761506 0.10646689010516 0.503937007874016 0.408737819242607 0.2 0.384407563098296
0.25900353761506 0.852629193927041 0.440944881889764 0.628996381325591 0.4 0.352156086140816
0.25900353761506 0.0750933502543975 0.417322834645669 0.38995336427727 0.4 0.340061782281761
0.273251739043858 0.468849007765316 0.661417322834646 0.654803322708852 0.4 0.47198948897224
0.273251739043858 0.206828658011353 0.590551181102362 0.8277331449521 0.4 0.435706577395075
0.287072555977729 0.822069214111767 0.456692913385827 0.8277331449521 0.4 0.37391685537214
0.300485196540257 0.24689311623375 0.275590551181102 0.25645735016008 0.8 0.287739332376756
0.300485196540257 0.796462170603856 0.62992125984252 0.0375515644561815 0.8 0.469153890262582
0.300485196540257 0.692225933704447 0.464566929133858 0.489319258581996 0.6 0.384493763249196
0.300485196540257 0.730346031075707 0.456692913385827 0.8277331449521 0.4 0.380462328629512
0.300485196540257 0.702136090254363 0.464566929133858 0.336561300228931 0.4 0.384493763249196
0.313507696264702 0.706991714150705 0.566929133858268 0.737173888967812 0.4 0.443257494789103
0.326157008461307 0.406341050917179 0.346456692913386 0.737173888967812 0.4 0.336550288496244
0.326157008461307 0.898677830527398 0.401574803149606 0.766398701648928 0.4 0.364770330834039
0.326157008461307 0.370037582522328 0.425196850393701 0.579663133904375 0.6 0.376864634693094
0.326157008461307 0.428501784693639 0.362204724409449 0.428046476643157 0.8 0.344613157735614
0.326157008461307 0.428501784693639 0.346456692913386 0.353882678081622 0.4 0.336550288496244
0.326157008461307 0.356984637361153 0.464566929133858 0.408737819242607 0.6 0.397021807791519
0.338449086205283 0.160777495819646 0.385826771653543 0.227183941484498 0.6 0.362706091452499
0.338449086205283 0.206828658011353 0.440944881889764 0.21308856566953 0.8 0.390926133790295
0.338449086205283 0 0.307086614173228 0.51093120385749 0.4 0.322391745255649
0.350398956850022 0.560063374818647 0.251968503937008 0.603959770592636 0.6 0.300003333040912
0.350398956850022 0.868601991466656 0.299212598425197 0.796571309756421 0.4 0.324191940759022
0.350398956850022 0.796462170603856 0.377952755905512 0.603959770592636 0.4 0.364506286955873
0.350398956850022 0.382589399856874 0.110236220472441 0.681412524146822 0.4 0.227437509886582
0.362020789859073 0.184667583968617 0.614173228346457 0.199338374968847 0.4 0.49112087074349
0.362020789859073 0.459207091976074 0.354330708661417 0.579663133904375 0.6 0.358083528293884
0.362020789859073 0.343386357141337 0.52755905511811 0.24163615389195 0.8 0.446775089926954
0.373327958654647 0.822069214111767 0.78740157480315 0.303264298797106 0.4 0.585330418982031
0.373327958654647 0.560063374818647 0.52755905511811 0.25645735016008 0.6 0.452293076532425
0.373327958654647 0.356984637361153 0.425196850393701 0.737173888967812 0.4 0.39988442647652
0.373327958654647 0.24689311623375 0.15748031496063 0.8277331449521 0.6 0.262815649407229
0.373327958654647 0.552699968949713 0.47244094488189 0.111867085385469 0.8 0.42407303419463
0.384333097097484 0.71178349253875 0.409448818897638 0.556077595392986 0.6 0.397192150673651
0.384333097097484 0.227505353741453 0.440944881889764 0.654803322708852 0.6 0.413317889152391
0.384333097097484 0.134846319931505 0.220472440944882 0.408737819242607 0.8 0.30043771980121
0.384333097097484 0.298775971422096 0.362204724409449 0.766398701648928 0.4 0.373003542955541
0.384333097097484 0.487345645735654 0.425196850393701 0.336561300228931 0.8 0.405255019913021
0.384333097097484 0.781003585770755 0.52755905511811 0.893201821221105 0.4 0.457663669968926
0.384333097097484 0.24689311623375 0.220472440944882 0.227183941484498 0.6 0.30043771980121
0.384333097097484 0.382589399856874 0.322834645669291 0.38995336427727 0.8 0.352846369857115
0.384333097097484 0.852629193927041 0.440944881889764 0.628996381325591 0.4 0.413317889152391
0.395048151141103 0.504887741382321 0.385826771653543 0.796571309756421 0.2 0.390326876800663
0.395048151141103 0.184667583968617 0.62992125984252 0.408737819242607 0.4 0.515301350010899
0.395048151141103 0.496229480213374 0.440944881889764 0.893201821221105 0.6 0.418546919138458
0.395048151141103 0.134846319931505 0.299212598425197 0.859927927803864 0.6 0.345981095984128
0.395048151141103 0.855877726385783 0.488188976377953 0.38995336427727 0.4 0.442735526856568
0.395048151141103 0.862292879864541 0.322834645669291 0.654803322708852 0.4 0.358075399843183
0.395048151141103 0.552699968949713 0.354330708661417 0.737173888967812 0.4 0.374201138321923
0.405484426140896 0.382589399856874 0.582677165354331 0.893201821221105 0.4 0.496205725930072
0.405484426140896 0.314344498571024 0.448818897637795 0.489319258581996 0.8 0.427671337395427
0.405484426140896 0.370037582522328 0.409448818897638 0.708857586651151 0.6 0.407514164297002
0.405484426140896 0.588054803744782 0.354330708661417 0.737173888967812 0.4 0.379294121959206
0.405484426140896 0.298775971422096 0.275590551181102 0.603959770592636 0.6 0.338979775762356
0.405484426140896 0.487345645735654 0.433070866141732 0.287257917047627 0.8 0.419608468156057
0.415652630244142 0.417606134735786 0.551181102362205 0.766398701648928 0.4 0.485042150399263
0.415652630244142 0.382589399856874 0.551181102362205 0.24163615389195 0.6 0.485042150399263
0.415652630244142 0.706991714150705 0.566929133858268 0.737173888967812 0.4 0.493105019638633
0.415652630244142 0.449281074030838 0.47244094488189 0.489319258581996 0.4 0.444727804202413
0.415652630244142 0.682037442274625 0.740157480314961 0 0.6 0.581796581271704
0.425562914239401 0.206828658011353 0.488188976377953 0.737173888967812 0.4 0.457626969364389
0.425562914239401 0.298775971422096 0.559055118110236 0.199338374968847 0.6 0.493909880941554
0.425562914239401 0.206828658011353 0.385826771653543 0.603959770592636 1 0.405218319308483
0.425562914239401 0.632246756970788 0.496062992125984 0.51093120385749 0.6 0.461658403984074
0.425562914239401 0.513332189939335 0.496062992125984 0.489319258581996 0.4 0.461658403984074
0.425562914239401 0.697214797954968 0.519685039370079 0.737173888967812 0.4 0.473752707843129
0.425562914239401 0.730346031075707 0.338582677165354 0.556077595392986 0.6 0.381029711590373
0.425562914239401 0.10646689010516 0.598425196850394 0.408737819242607 0 0.514067054039979
0.425562914239401 0.792657065552843 0.440944881889764 0.654803322708852 0.4 0.433438361646279
0.425562914239401 0.439052681392566 0.535433070866142 0.271660198880265 0.8 0.481815577082499
0.435224908202184 0.955117565483606 0.401574803149606 0.628996381325591 0.4 0.417996316997129
0.435224908202184 0.626261207129335 0.31496062992126 0.766398701648928 0.4 0.373650536180594
0.435224908202184 0.282408617443062 0.362204724409449 0.0894140954584182 1 0.397839143898704
0.435224908202184 0.788812843746063 0.464566929133858 0.489319258581996 0.4 0.450247793954609
0.435224908202184 0.697214797954968 0.511811023622047 0.766398701648928 0.4 0.474436401672719
0.435224908202184 0.581264045057132 1 0.160049339207049 0.6 0.72438534809319
0.435224908202184 0.748014728836851 0.322834645669291 0.408737819242607 0.6 0.377681970800279
0.435224908202184 0.972253242007213 0.330708661417323 0.336561300228931 0.6 0.381713405419964
0.435224908202184 0.923875682984825 0.267716535433071 0.893201821221105 0.4 0.349461928462484
0.435224908202184 0.356984637361153 0.511811023622047 0.468316082350333 0.4 0.474436401672719
0.435224908202184 0.184667583968617 0.637795275590551 0.616383717667685 0 0.538939355587679
0.444647755237264 0.643924425452699 0.236220472440945 0.8277331449521 0.6 0.337934612866165
0.444647755237264 0.160777495819646 0.385826771653543 0.0785683815432723 0.6 0.41453187064018
0.444647755237264 0.581264045057132 0.503937007874016 0.25645735016008 0.6 0.475003389935456
0.444647755237264 0.57433909996003 0.251968503937008 0.766398701648928 0.4 0.345997482105535
0.444647755237264 0.184667583968617 0.47244094488189 0.681412524146822 0.2 0.458877651456716
0.444647755237264 0.504887741382321 0.503937007874016 0.533175674093379 0.6 0.475003389935456
0.444647755237264 0.298775971422096 0.409448818897638 0.628996381325591 0.6 0.426626174499235
0.444647755237264 0.521573675631318 0.425196850393701 0.681412524146822 0.4 0.434689043738606
0.444647755237264 0.682037442274625 0.653543307086614 0.628996381325591 0.4 0.551600647709471
0.444647755237264 0.666195116334673 0.433070866141732 0.408737819242607 0.6 0.43872047835829
0.444647755237264 0.449281074030838 0.385826771653543 0.681412524146822 0.8 0.41453187064018
0.444647755237264 0.227505353741453 0.700787401574803 0.447899024123338 0 0.575789255427581
0.453840142585926 0.134846319931505 0.362204724409449 0.556077595392986 0.8 0.406923523538229
0.453840142585926 0.721182427964643 0.417322834645669 0.38995336427727 0.6 0.435143565876023
0.453840142585926 0.588054803744782 0.440944881889764 0.708857586651151 0.2 0.447237869735079
0.453840142585926 0.687167508427955 0.330708661417323 0.766398701648928 0.4 0.390797785059489
0.453840142585926 0.439052681392566 0.456692913385827 0.654803322708852 0 0.455300738974449
0.453840142585926 0.314344498571024 0.299212598425197 0.796571309756421 0.6 0.374672046580748
0.453840142585926 0.773027169238684 0.425196850393701 0.708857586651151 0.4 0.439175000495709
0.462810330338205 0.227505353741453 0.338582677165354 0.603959770592636 0.6 0.399206741299352
0.462810330338205 0.792657065552843 0.354330708661417 0.8277331449521 0.4 0.407269610538722
0.462810330338205 0.227505353741453 0.559055118110236 0.654803322708852 0.4 0.512086910650532
0.462810330338205 0.282408617443062 0.322834645669291 0.271660198880265 1 0.391143872059982
0.462810330338205 0.382589399856874 0.519685039370079 0.353882678081622 0.6 0.491929737552107
0.462810330338205 0.449281074030838 0.393700787401575 0.796571309756421 0.4 0.427426783637147
0.462810330338205 0.282408617443062 0.267716535433071 0.796571309756421 0.6 0.362923829722187
0.462810330338205 0.620173139080759 0.535433070866142 0.556077595392986 0.6 0.499992606791477
0.462810330338205 0.632246756970788 0.228346456692913 0.556077595392986 0.4 0.342766656623761
0.47156617796527 0.298775971422096 0.330708661417323 0.737173888967812 0.4 0.39944822864618
0.47156617796527 0.343386357141337 0.409448818897638 0.447899024123338 0.6 0.439762574843031
0.47156617796527 0.513332189939335 0.377952755905512 0.603959770592636 0.6 0.42363683636429
0.47156617796527 0.487345645735654 0.511811023622047 0.468316082350333 0.6 0.492171224898936
0.47156617796527 0.134846319931505 0.37007874015748 0.21308856566953 0.8 0.419605401744605
0.47156617796527 0.521573675631318 0.440944881889764 0.708857586651151 0.6 0.455888313321771
0.47156617796527 0.227505353741453 0.37007874015748 0.25645735016008 0.8 0.419605401744605
0.47156617796527 0.496229480213374 0.464566929133858 0.737173888967812 0.4 0.467982617180825
0.47156617796527 0.265150643984223 0.322834645669291 0.38995336427727 1 0.395416794026495
0.47156617796527 0.66075566474917 0.68503937007874 0.303264298797106 0.6 0.580862786532006
0.47156617796527 0.725792866742076 0.551181102362205 0.766398701648928 0.4 0.512328397997361
0.47156617796527 0.227505353741453 0.433070866141732 0.447899024123338 0.6 0.451856878702085
0.47156617796527 0.521573675631318 0.47244094488189 0.796571309756421 0.4 0.472014051800511
0.47156617796527 0.607674115828091 0.503937007874016 0.8277331449521 0.4 0.488139790279251
0.47156617796527 0.818516076707867 0.330708661417323 0.859927927803864 0.4 0.39944822864618
0.47156617796527 0.134846319931505 0.385826771653543 0.371674306920417 0.8 0.427668270983975
0.47156617796527 0.666195116334673 0.330708661417323 0.654803322708852 0.6 0.39944822864618
0.480115168865041 0.468849007765316 0.62992125984252 0.336561300228931 0.4 0.55681471846364
0.480115168865041 0.93457008048021 0.149606299212598 0.654803322708852 0.4 0.310897206662854
0.480115168865041 0.803958327411657 0.551181102362205 0.21308856566953 0.6 0.51650037226679
0.480115168865041 0.417606134735786 0.37007874015748 0.766398701648928 0.6 0.423777376014034
0.480115168865041 0.601254935231677 0.37007874015748 0.603959770592636 0.4 0.423777376014034
0.480115168865041 0.487345645735654 0.661417322834646 0.185922189608235 0.8 0.57294045694238
0.480115168865041 0.343386357141337 0.503937007874016 0.336561300228931 0.6 0.49231176454868
0.480115168865041 0.649623150907283 0.440944881889764 0.893201821221105 0.6 0.4600602875912
0.480115168865041 0.552699968949713 0.511811023622047 0.38995336427727 0.6 0.496343199168365
0.488464433094681 0.370037582522328 0.322834645669291 0.8277331449521 0.4 0.403663274391802
0.488464433094681 0.666195116334673 0.566929133858268 0.628996381325591 0.4 0.528637747602038
0.488464433094681 0.721182427964643 0.614173228346457 0.681412524146822 0.4 0.552826355320148
0.488464433094681 0.71178349253875 0.377952755905512 0.603959770592636 0.6 0.431883316729597
0.488464433094681 0.613978773897172 0.614173228346457 0.353882678081622 0.6 0.552826355320148
0.488464433094681 0.504887741382321 0.52755905511811 0.371674306920417 0.6 0.508480574503613
0.488464433094681 0.567274244825443 0.425196850393701 0.303264298797106 0.6 0.456071924447707
0.488464433094681 0.370037582522328 0.511811023622047 0.876427000666357 0.2 0.500417705264242
0.488464433094681 0.910079831012762 0.551181102362205 0.489319258581996 0.4 0.520574878362668
0.488464433094681 0.0750933502543975 0.464566929133858 0.51093120385749 0.2 0.476229097546132
0.488464433094681 0.406341050917179 0.259842519685039 0.51093120385749 0.2 0.371411797434322
0.496620768446277 0.428501784693639 0.385826771653543 0.336561300228931 0.8 0.439895106647193
0.496620768446277 0.394679049860455 0.275590551181102 0.681412524146822 0.6 0.383455021971602
0.496620768446277 0.706991714150705 0.299212598425197 0.8277331449521 0.4 0.395549325830658
0.496620768446277 0.702136090254363 0.456692913385827 0.428046476643157 0.8 0.476178018224358
0.496620768446277 0.822069214111767 0.456692913385827 0.737173888967812 0.4 0.476178018224358
0.496620768446277 0.298775971422096 0.330708661417323 0.737173888967812 0.4 0.411675064309398
0.496620768446277 0.394679049860455 0.456692913385827 1 0.6 0.476178018224358
0.496620768446277 0.725792866742076 0.637795275590551 0.737173888967812 0.4 0.568901014477113
0.496620768446277 0.382589399856874 0.645669291338583 0.371674306920417 0.6 0.572932449096799
0.496620768446277 0.898677830527398 0.433070866141732 0.796571309756421 0.4 0.464083714365303
0.496620768446277 0.449281074030838 0.519685039370079 0.654803322708852 0.4 0.508429495181838
0.496620768446277 0.829076667768906 0.330708661417323 0.718197749117435 0.6 0.411675064309398
0.496620768446277 0.439052681392566 0.52755905511811 0.371674306920417 0.2 0.512460929801523
0.504590660006671 0.588054803744782 0.354330708661417 0.737173888967812 0.4 0.42765873744138
0.504590660006671 0.904420889298012 0.409448818897638 0.737173888967812 0.4 0.455878779779175
0.504590660006671 0.904420889298012 0.456692913385827 0.766398701648928 0.4 0.480067387497285
0.504590660006671 0.496229480213374 0.283464566929134 0.893201821221105 0.6 0.391375825864215
0.504590660006671 0.184667583968617 0.47244094488189 0.8277331449521 0.4 0.488130256736655
0.504590660006671 0.957611771908614 0.377952755905512 0.766398701648928 0.4 0.439753041300435
0.504590660006671 0.777036743433552 0.251968503937008 0.579663133904375 0.4 0.375250087385475
0.504590660006671 0.784928646437761 0.606299212598425 0.681412524146822 0.4 0.5566646452713
0.504590660006671 0.282408617443062 0.440944881889764 0.766398701648928 0.4 0.472004518257915
0.504590660006671 0.620173139080759 0.448818897637795 0.428046476643157 0.4 0.4760359528776
0.504590660006671 0.921155483818884 0.535433070866142 0.489319258581996 0.4 0.520381733694135
0.504590660006671 0.356984637361153 0.377952755905512 0.708857586651151 0.4 0.439753041300435
0.504590660006671 0.676833558957036 0.692913385826772 0.38995336427727 0.4 0.601010426087836
0.504590660006671 0.803958327411657 0.433070866141732 0.579663133904375 0.4 0.46797308363823
0.51238029832872 0.343386357141337 0.31496062992126 0.408737819242607 0.6 0.411302968628999
0.51238029832872 0.846047721315057 0.440944881889764 0.489319258581996 0.8 0.47580592254396
0.51238029832872 0.702136090254363 0.362204724409449 0.654803322708852 0.4 0.43549157634711
0.51238029832872 0.329192291191883 0.425196850393701 0.371674306920417 0.4 0.46774305330459
0.51238029832872 0.343386357141337 0.433070866141732 0.603959770592636 0.4 0.471774487924274
0.51238029832872 0.57433909996003 0.503937007874016 0.38995336427727 0.4 0.50805739950144
0.51238029832872 0.382589399856874 0.559055118110236 0.353882678081622 0.8 0.536277441839235
0.51238029832872 0.960090219785983 0.362204724409449 0.737173888967812 0.4 0.43549157634711
0.51238029832872 0.394679049860455 0.488188976377953 0.172829278785614 0.8 0.49999453026207
0.51238029832872 0.478223460369541 0.488188976377953 0.489319258581996 0.8 0.49999453026207
0.51238029832872 0.356984637361153 0.519685039370079 0.353882678081622 0.6 0.51612026874081
0.51238029832872 0.588054803744782 0.417322834645669 0.38995336427727 0.6 0.463711618684904
0.51238029832872 0.811307648457311 0.582677165354331 0.654803322708852 0.4 0.54837174569829
0.51238029832872 0.594716749782901 0.377952755905512 0.533175674093379 0.6 0.44355444558648
0.51238029832872 0.66075566474917 0.425196850393701 0.708857586651151 0.4 0.46774305330459
0.51238029832872 0.406341050917179 0.519685039370079 0.160049339207049 0.8 0.51612026874081
0.51238029832872 0.537487145739597 0.535433070866142 0.38995336427727 0.6 0.52418313798018
0.51238029832872 0.382589399856874 0.346456692913386 0.408737819242607 0.8 0.42742870710774
0.51238029832872 0.807650962187351 0.440944881889764 0.579663133904375 0.4 0.47580592254396
0.51238029832872 1 0.464566929133858 0.533175674093379 0.6 0.487900226403015
0.519995596329089 0.567274244825443 0.559055118110236 0.489319258581996 0.4 0.53999376668787
0.519995596329089 0.134846319931505 0.464566929133858 0.408737819242607 0.6 0.49161655125165
0.519995596329089 0.792657065552843 0.622047244094488 0.737173888967812 0.4 0.57224524364535
0.519995596329089 0.649623150907283 0.511811023622047 0.8277331449521 0.4 0.51580515896976
0.519995596329089 0.560063374818647 0.236220472440945 0.319693745911704 0.8 0.374704947280784
0.519995596329089 0.552699968949713 0.511811023622047 0.408737819242607 0.6 0.51580515896976
0.519995596329089 0.160777495819646 0.551181102362205 0.199338374968847 0.6 0.535962332068185
0.519995596329089 0.356984637361153 0.47244094488189 0.681412524146822 0.4 0.495647985871335
0.519995596329089 0.756541347547896 0.52755905511811 0.737173888967812 0.6 0.52386802820913
0.519995596329089 0.901560039281263 0.47244094488189 0.489319258581996 0.4 0.495647985871335
0.519995596329089 0.459207091976074 0.511811023622047 0.708857586651151 0.4 0.51580515896976
0.519995596329089 0.655232596540572 0.535433070866142 0.468316082350333 0.4 0.527899462828815
0.519995596329089 0.265150643984223 0.543307086614173 0.603959770592636 0.4 0.5319308974485
0.519995596329089 0.71178349253875 0.267716535433071 0.796571309756421 0.4 0.390830685759524
0.519995596329089 0.449281074030838 0.362204724409449 0.654803322708852 0.6 0.439207901195745
0.519995596329089 0.588054803744782 0.503937007874016 0.489319258581996 0.8 0.511773724350075
0.519995596329089 0.57433909996003 0.228346456692913 0.8277331449521 0.4 0.370673512661099
0.527442205016792 0.777036743433552 0.354330708661417 0.737173888967812 0.4 0.43881046972378
0.527442205016792 0.748014728836851 0.307086614173228 0.859927927803864 0.6 0.41462186200567
0.527442205016792 0.417606134735786 0.488188976377953 0.708857586651151 0.6 0.507344858258425
0.527442205016792 0.265150643984223 0.543307086614173 0.303264298797106 0.6 0.53556490059622
0.527442205016792 0.842713740392177 0.417322834645669 0.737173888967812 0.4 0.47106194668126
0.527442205016792 0.748014728836851 0.307086614173228 0.859927927803864 0.6 0.41462186200567
0.527442205016792 0.394679049860455 0.425196850393701 0.172829278785614 0.6 0.475093381300945
0.527442205016792 0.792657065552843 0.409448818897638 0.579663133904375 0.4 0.467030512061575
0.527442205016792 0.521573675631318 0.519685039370079 0.737173888967812 0.4 0.523470596737166
0.527442205016792 0.649623150907283 0.496062992125984 0.533175674093379 0.4 0.51137629287811
0.527442205016792 0.417606134735786 0.37007874015748 0.766398701648928 0.6 0.44687333896315
0.527442205016792 0.626261207129335 0.456692913385827 0.796571309756421 0.4 0.491219119779685
0.527442205016792 0.496229480213374 0.551181102362205 0.603959770592636 0.6 0.539596335215906
0.527442205016792 0.329192291191883 0.433070866141732 0.579663133904375 0.4 0.47912481592063
0.534725528146963 0.24689311623375 0.488188976377953 0.859927927803864 0.4 0.510899176779904
0.534725528146963 0.459207091976074 0.606299212598425 0.319693745911704 0.2 0.571370696075179
0.534725528146963 0.537487145739597 0.433070866141732 0.737173888967812 0.4 0.482679134442109
0.534725528146963 0.370037582522328 0.68503937007874 0.628996381325591 0.6 0.61168504227203
0.534725528146963 0.513332189939335 0.456692913385827 0.38995336427727 0.6 0.494773438301164
0.534725528146963 0.904420889298012 0.377952755905512 0.681412524146822 0.4 0.454459092104314
0.534725528146963 0.607674115828091 0.496062992125984 0.628996381325591 0.6 0.514930611399589
0.534725528146963 0.343386357141337 0.401574803149606 0.428046476643157 0.8 0.466553395963369
0.534725528146963 0.406341050917179 0.732283464566929 0.287257917047627 0.6 0.63587364999014
0.534725528146963 0.513332189939335 0.401574803149606 0.737173888967812 0.4 0.466553395963369
0.534725528146963 0.57433909996003 0.448818897637795 0.737173888967812 0.6 0.490742003681479
0.534725528146963 0.682037442274625 0.740157480314961 0 0.6 0.639905084609825
0.534725528146963 0.752302634912051 0.740157480314961 0.319693745911704 0.4 0.639905084609825
0.534725528146963 0.487345645735654 0.606299212598425 0.766398701648928 0.4 0.571370696075179
0.541850735885643 0.666195116334673 0.283464566929134 0.8277331449521 0.4 0.409559033644703
0.541850735885643 0.10646689010516 0.330708661417323 0.654803322708852 0.6 0.433747641362813
0.541850735885643 0.588054803744782 0.409448818897638 0.708857586651151 0.4 0.474061987559664
0.541850735885643 0.329192291191883 0.433070866141732 0.579663133904375 0.4 0.486156291418718
0.541850735885643 0.655232596540572 0.464566929133858 0.654803322708852 0.4 0.502282029897458
0.541850735885643 0.706991714150705 0.488188976377953 0.353882678081622 0.4 0.514376333756514
0.541850735885643 0.184667583968617 0.645669291338583 0.428046476643157 0.4 0.595005026150214
0.541850735885643 0 0.417322834645669 0.24163615389195 0.6 0.478093422179348
0.541850735885643 0.581264045057132 0.574803149606299 0.38995336427727 0.4 0.558722114573049
0.541850735885643 0.777036743433552 0.456692913385827 0.708857586651151 0.2 0.498250595277774
0.541850735885643 0.382589399856874 0.440944881889764 0.0679663869261103 0.6 0.490187726038404
0.541850735885643 0.692225933704447 0.566929133858268 0.737173888967812 0.6 0.554690679953364
0.541850735885643 0.552699968949713 0.62992125984252 0.489319258581996 0.4 0.586942156910844
0.541850735885643 0.655232596540572 0.566929133858268 0.556077595392986 0.4 0.554690679953364
0.541850735885643 0.676833558957036 0.480314960629921 0.603959770592636 0.6 0.510344899136828
0.541850735885643 0.868601991466656 0.440944881889764 0.556077595392986 0.4 0.490187726038404
0.541850735885643 0.206828658011353 0.724409448818898 0.579663133904375 0.2 0.635319372347064
0.541850735885643 0.588054803744782 0.496062992125984 0.51093120385749 0.4 0.518407768376199
0.541850735885643 0.552699968949713 0.393700787401575 0.428046476643157 0.8 0.465999118320294
0.541850735885643 0.955117565483606 0.338582677165354 0.766398701648928 0.4 0.437779075982498
0.541850735885643 0.513332189939335 0.338582677165354 0.737173888967812 0.4 0.437779075982498
0.541850735885643 0.739286405277032 0.480314960629921 0.681412524146822 0.4 0.510344899136828
0.541850735885643 0.792657065552843 0.267716535433071 0.579663133904375 0.6 0.401496164405333
0.541850735885643 0.134846319931505 0.464566929133858 0.408737819242607 0.6 0.502282029897458
0.541850735885643 0.632246756970788 0.519685039370079 0.681412524146822 0.4 0.530502072235254
0.541850735885643 0.807650962187351 0.456692913385827 0.377712296045613 0.6 0.498250595277774
0.548822777563539 0.406341050917179 0.488188976377953 0.737173888967812 0.4 0.51777874450026
0.548822777563539 0.459207091976074 0.385826771653543 0.579663133904375 0.6 0.465370094444354
0.548822777563539 0.811307648457311 0.653543307086614 0.100511056496556 0.8 0.602438871513645
0.548822777563539 0.57433909996003 0.566929133858268 0.135389177602393 1 0.55809309069711
0.548822777563539 0.676833558957036 0.228346456692913 0.893201821221105 0.4 0.384741402050654
0.548822777563539 0.343386357141337 0.338582677165354 0.489319258581996 0.4 0.441181486726244
0.548822777563539 0.962553117840914 0.362204724409449 0.737173888967812 0.4 0.4532757905853
0.548822777563539 0.382589399856874 0.393700787401575 0.468316082350333 0.6 0.46940152906404
0.548822777563539 0.439052681392566 0.440944881889764 0.428046476643157 0.6 0.49359013678215
0.555646393589723 0.626261207129335 0.496062992125984 0.533175674093379 0.6 0.525140156987445
0.555646393589723 0.314344498571024 0.440944881889764 0.708857586651151 0.2 0.49692011464965
0.555646393589723 0.988674423066297 0.52755905511811 0.353882678081622 0.4 0.541265895466185
0.555646393589723 0.370037582522328 0.409448818897638 0.708857586651151 0.6 0.48079437617091
0.555646393589723 0.504887741382321 0.393700787401575 0.353882678081622 0.6 0.47273150693154
0.555646393589723 0.748014728836851 0.574803149606299 0.38995336427727 0.8 0.565454503184295
0.555646393589723 0.57433909996003 0.401574803149606 0.533175674093379 0.4 0.476762941551225
0.555646393589723 0.487345645735654 0.488188976377953 0.489319258581996 0.4 0.521108722367761
0.555646393589723 0.974641379016255 0.299212598425197 0.303264298797106 0.6 0.42435429149532
0.555646393589723 0.394679049860455 0.503937007874016 0.468316082350333 0.6 0.529171591607131
0.555646393589723 0.781003585770755 0.637795275590551 0.654803322708852 0.4 0.597705980141776
0.555646393589723 0.265150643984223 0.354330708661417 0.336561300228931 0.6 0.452574333833115
0.555646393589723 0.394679049860455 0.574803149606299 0.737173888967812 0.6 0.565454503184295
0.555646393589723 0.314344498571024 0.330708661417323 0.654803322708852 0.4 0.44048002997406
0.555646393589723 0.620173139080759 0.354330708661417 0.287257917047627 0.8 0.452574333833115
0.562326126589901 0.702136090254363 0.307086614173228 0.766398701648928 0.4 0.431645487943052
0.562326126589901 0.227505353741453 0.511811023622047 0.766398701648928 0.6 0.536462788054863
0.562326126589901 0.282408617443062 0.307086614173228 0.556077595392986 0.4 0.431645487943052
0.562326126589901 0.5296222296829 0.464566929133858 0.371674306920417 0.6 0.512274180336753
0.562326126589901 0.521573675631318 0.456692913385827 0.319693745911704 0.6 0.508242745717068
0.562326126589901 0.803958327411657 0.433070866141732 0.654803322708852 0.6 0.496148441858013
0.562326126589901 0.24689311623375 0.480314960629921 0.38995336427727 0.8 0.520337049576123
0.562326126589901 0.382589399856874 0.259842519685039 0.8277331449521 0.8 0.407456880224942
0.562326126589901 0.428501784693639 0.393700787401575 0.353882678081622 0.8 0.475991268759588
0.568866331828234 0.24689311623375 0.440944881889764 0.353882678081622 0.6 0.503371547669188
0.568866331828234 0.478223460369541 0.559055118110236 0.185922189608235 0.6 0.563843066964463
0.568866331828234 0.343386357141337 0.188976377952756 0.628996381325591 0.8 0.374365639839267
0.568866331828234 0.918416090569315 0.385826771653543 0.766398701648928 0.4 0.475151505331393
0.568866331828234 0.24689311623375 0.21259842519685 0.25645735016008 0.8 0.386459943698322
0.568866331828234 0.588054803744782 0.606299212598425 0.447899024123338 0.6 0.588031674682573
0.568866331828234 0.743676408267776 0.31496062992126 0.766398701648928 0.4 0.438868593754228
0.568866331828234 0.329192291191883 0.31496062992126 0.371674306920417 0.8 0.438868593754228
0.568866331828234 0.428501784693639 0.346456692913386 0.353882678081622 0.4 0.454994332232968
0.568866331828234 0.666195116334673 0.488188976377953 0.408737819242607 0.4 0.527560155387298
0.568866331828234 0.849352696613204 0.283464566929134 0.8277331449521 0.4 0.422742855275488
0.568866331828234 0.8957739235772 0.409448818897638 0.796571309756421 0.4 0.487245809190448
0.568866331828234 0.449281074030838 0.535433070866142 0.556077595392986 0.6 0.551748763105408
0.568866331828234 0.962553117840914 0.440944881889764 0.737173888967812 0.4 0.503371547669188
0.568866331828234 0.343386357141337 0.52755905511811 0.24163615389195 0.8 0.547717328485723
0.57527118696656 0.626261207129335 0.535433070866142 0.38995336427727 0.6 0.554874382391917
0.57527118696656 0.184667583968617 0.440944881889764 0.319693745911704 0.6 0.506497166955697
0.57527118696656 0.468849007765316 0.614173228346457 0.38995336427727 0.2 0.595188728588768
0.57527118696656 0.66075566474917 0.440944881889764 0.556077595392986 0.4 0.506497166955697
0.581544701210234 0.206828658011353 0.52755905511811 0.38995336427727 0.2 0.553904471677259
0.581544701210234 0.496229480213374 0.283464566929134 0.51093120385749 0.6 0.428929998467023
0.581544701210234 0.282408617443062 0.37007874015748 0.185922189608235 0.6 0.473275779283558
0.581544701210234 0.314344498571024 0.338582677165354 0.51093120385749 0.6 0.457150040804818
0.581544701210234 0.282408617443062 0.614173228346457 0.468316082350333 0.4 0.598250252493794
0.581544701210234 0.329192291191883 0.425196850393701 0.160049339207049 0.6 0.501495821621354
0.587690723885665 0.134846319931505 0.464566929133858 0.123490309538899 0.8 0.524652301744648
0.587690723885665 0.832532257907225 0.330708661417323 0.303264298797106 0.6 0.456117913210003
0.587690723885665 0.796462170603856 0.440944881889764 0.478743015185434 0.6 0.512557997885593
0.587690723885665 0.800228989802756 0.330708661417323 0.766398701648928 0.4 0.456117913210003
0.587690723885665 0.768973879616662 0.480314960629921 0.579663133904375 0.4 0.532715170984018
0.587690723885665 0.206828658011353 0.622047244094488 0.428046476643157 0.6 0.605280994138348
0.587690723885665 0.10646689010516 0.417322834645669 0.185922189608235 0.6 0.500463694026538
0.587690723885665 0.227505353741453 0.551181102362205 0.303264298797106 0.4 0.568998082561183
0.587690723885665 0.734843402611236 0.417322834645669 0.654803322708852 0.6 0.500463694026538
0.587690723885665 0.406341050917179 0.559055118110236 0.737173888967812 0.4 0.573029517180868
0.587690723885665 0.5296222296829 0.582677165354331 0.796571309756421 0.4 0.585123821039923
0.587690723885665 0.487345645735654 0.551181102362205 0.737173888967812 0.4 0.568998082561183
0.593712952490799 0.632246756970788 0.440944881889764 0.603959770592636 0.8 0.515496892438155
0.593712952490799 0.406341050917179 0.377952755905512 0.227183941484498 0.6 0.483245415480675
0.593712952490799 0.417606134735786 0.291338582677165 0.579663133904375 0.6 0.438899634664139
0.593712952490799 0.594716749782901 0.440944881889764 0.303264298797106 0.6 0.515496892438155
0.593712952490799 0.521573675631318 0.21259842519685 0.766398701648928 0.4 0.398585288467289
0.593712952490799 0.504887741382321 0.503937007874016 0.533175674093379 0.6 0.547748369395635
0.593712952490799 0.343386357141337 0.425196850393701 0.654803322708852 0.6 0.507434023198785
0.593712952490799 0.282408617443062 0.354330708661417 0.160049339207049 0.8 0.471151111621619
0.599614940256417 0.567274244825443 0.37007874015748 0.227183941484498 0.6 0.482094196945592
0.599614940256417 0.449281074030838 0.433070866141732 0.353882678081622 0.6 0.514345673903072
0.599614940256417 0.417606134735786 0.322834645669291 0.353882678081622 0.6 0.457905589227482
0.599614940256417 0.702136090254363 0.480314960629921 0.766398701648928 0.2 0.538534281621182
0.599614940256417 0.849352696613204 0.425196850393701 0.628996381325591 0.4 0.510314239283387
0.599614940256417 0.93719841259223 0.393700787401575 0.766398701648928 0.4 0.494188500804647
0.599614940256417 0.282408617443062 0.417322834645669 0.428046476643157 0.6 0.506282804663702
0.605400103252995 0.428501784693639 0.362204724409449 0.428046476643157 0.8 0.4808859670116
0.605400103252995 0.66075566474917 0.661417322834646 0.628996381325591 0.4 0.634080482559631
0.605400103252995 0.329192291191883 0.338582677165354 0.8277331449521 0.2 0.468791663152544
0.611071727075048 0.594716749782901 0.346456692913386 0.708857586651151 0.4 0.475590894454774
0.611071727075048 0.439052681392566 0.480314960629921 0.21308856566953 0.6 0.544125282989419
0.611071727075048 0.594716749782901 0.362204724409449 0.681412524146822 0.6 0.483653763694144
0.611071727075048 0.496229480213374 0.283464566929134 0.428046476643157 0.6 0.443339417497294
0.611071727075048 0.638133366242849 0.818897637795276 0.185922189608235 0.8 0.717476971635875
0.611071727075048 0.298775971422096 0.377952755905512 0.796571309756421 0.6 0.491716632933514
0.616632973132332 0.594716749782901 0.590551181102362 0.319693745911704 0.6 0.603279299137035
0.616632973132332 0.607674115828091 0.267716535433071 0.796571309756421 0.4 0.43799047972995
0.616632973132332 0.406341050917179 0.488188976377953 0.737173888967812 0.4 0.55087064908113
0.616632973132332 0.343386357141337 0.417322834645669 0.708857586651151 0.4 0.514587737503965
0.616632973132332 0.406341050917179 0.488188976377953 0.737173888967812 0.4 0.55087064908113
0.616632973132332 0.314344498571024 0.31496062992126 0.319693745911704 0.4 0.46217908744806
0.616632973132332 0.160777495819646 0.566929133858268 0.737173888967812 0.4 0.59118499527798
0.616632973132332 0.329192291191883 0.393700787401575 0.51093120385749 0.6 0.50249343364491
0.616632973132332 0.417606134735786 0.440944881889764 0.51093120385749 0.6 0.52668204136302
0.622086884574933 0.792657065552843 0.322834645669291 0.766398701648928 0.4 0.468872073410241
0.622086884574933 0.428501784693639 0.52755905511811 0.533175674093379 0.6 0.573689373522051
0.622086884574933 0.567274244825443 0.598425196850394 0.353882678081622 0.4 0.609972285099217
0.622086884574933 0.184667583968617 0.480314960629921 0.271660198880265 1 0.549500765803941
0.622086884574933 0.496229480213374 0.488188976377953 0.428046476643157 0.6 0.553532200423627
0.627436391877161 0.784928646437761 0.622047244094488 0.681412524146822 0.4 0.624677190265569
0.627436391877161 0.428501784693639 0.228346456692913 0.654803322708852 0.6 0.423105459281318
0.627436391877161 0.227505353741453 0.354330708661417 0.708857586651151 0.4 0.487608413196279
0.627436391877161 0.756541347547896 0.433070866141732 0.737173888967812 0.6 0.527922759393129
0.627436391877161 0.298775971422096 0.456692913385827 0 0.6 0.540017063252184
0.627436391877161 0.428501784693639 0.52755905511811 0.533175674093379 0.6 0.576299974829349
0.632684318103223 0.912878562436909 0.31496062992126 0.737173888967812 0.4 0.470012269047315
0.632684318103223 0.781003585770755 0.795275590551181 0.489319258581996 0.2 0.715929780848101
0.632684318103223 0.10646689010516 0.503937007874016 0.287257917047627 0.8 0.566766699919755
0.632684318103223 0.706991714150705 0.440944881889764 0.766398701648928 0.4 0.534515222962275
0.632684318103223 0.184667583968617 0.645669291338583 0.428046476643157 0.4 0.639332523074086
0.632684318103223 0.394679049860455 0.488188976377953 0.579663133904375 0.6 0.558703830680385
0.632684318103223 0.282408617443062 0.377952755905512 0.353882678081622 0.4 0.502263746004795
0.632684318103223 0.227505353741453 0.606299212598425 0.38995336427727 0.6 0.61917534997566
0.632684318103223 0.638133366242849 0.574803149606299 0.408737819242607 0.6 0.60304961149692
0.632684318103223 0.134846319931505 0.307086614173228 0.24163615389195 0.8 0.465980834427629
0.637833383875873 0.356984637361153 0.496062992125984 0.533175674093379 0.4 0.565248049576828
0.637833383875873 0.57433909996003 0.677165354330709 0.533175674093379 0.6 0.657971045829584
0.637833383875873 0.5296222296829 0.47244094488189 0.8277331449521 0.4 0.553153745717773
0.637833383875873 0.87480869504775 0.417322834645669 0.766398701648928 0.4 0.524933703379978
0.637833383875873 0.57433909996003 0.354330708661417 0.603959770592636 0.6 0.492682226422498
0.642886212067644 0.682037442274625 0.677165354330709 0.628996381325591 0.4 0.660436865415902
0.642886212067644 0.545177051002285 0.220472440944882 0.628996381325591 0.8 0.426613657474171
0.642886212067644 0.692225933704447 0.330708661417323 0.654803322708852 0.4 0.483053742149761
0.642886212067644 0.343386357141337 0.37007874015748 0.556077595392986 0.6 0.503210915248186
0.642886212067644 0.459207091976074 0.322834645669291 0.38995336427727 0.4 0.479022307530076
0.647845332232778 0.10646689010516 0.330708661417323 0.654803322708852 0.6 0.485473831487849
0.647845332232778 0.184667583968617 0.488188976377953 0.319693745911704 0.6 0.56610252388155
0.647845332232778 0.803958327411657 0.409448818897638 0.654803322708852 0.6 0.525788177684699
0.647845332232778 0.687167508427955 0.543307086614173 0.353882678081622 0.6 0.594322566219345
0.652713184796598 0.632246756970788 0.322834645669291 0.628996381325591 0.6 0.483817946904622
0.652713184796598 0.394679049860455 0.417322834645669 0.766398701648928 0.6 0.532195162340842
0.652713184796598 0.459207091976074 0.598425196850394 0.556077595392986 0.6 0.624918158593598
0.652713184796598 0.314344498571024 0.338582677165354 0.353882678081622 0.8 0.491880816143992
0.65749212501788 0.750164906299361 0.362204724409449 0.737173888967812 0.4 0.506307280122537
0.65749212501788 0.666195116334673 0.15748031496063 0.556077595392986 0.4 0.401489980010727
0.662184426738581 0.417606134735786 0.251968503937008 0.336561300228931 0.6 0.452157075302087
0.662184426738581 0.868601991466656 0.409448818897638 0.766398701648928 0.4 0.532785767695787
0.666792285934294 0.725792866742076 0.511811023622047 0.25645735016008 0.6 0.587443088995708
0.666792285934294 0.478223460369541 0.661417322834646 0.160049339207049 0.6 0.664040346769724
0.666792285934294 0.184667583968617 0.488188976377953 0.319693745911704 0.6 0.575348785136653
0.671317824077806 0.370037582522328 0.440944881889764 0.353882678081622 0.4 0.553368675346709
0.671317824077806 0.227505353741453 0.433070866141732 0.681412524146822 0.2 0.549337240727024
0.671317824077806 0.842713740392177 0.409448818897638 0.796571309756421 0.4 0.537242936867969
0.671317824077806 0.356984637361153 0.204724409448819 0.796571309756421 0.6 0.432425636756158
0.675763091327277 0.692225933704447 0.456692913385827 0.51093120385749 0.6 0.563600869691575
0.675763091327277 0.478223460369541 0.417322834645669 0.681412524146822 0.4 0.543443696593149
0.675763091327277 0.71178349253875 0 0.766398701648928 0.2 0.329777661749843
0.675763091327277 0.417606134735786 0.456692913385827 0.0576008636188398 0.8 0.563600869691575
0.675763091327277 0.314344498571024 0.385826771653543 0.287257917047627 0.8 0.527317958114409
0.675763091327277 0.607674115828091 0.330708661417323 0.8277331449521 0.6 0.499097915776614
0.684420675189816 0.697214797954968 0.338582677165354 0.428046476643157 0.6 0.507354318878942
0.684420675189816 0.439052681392566 0.110236220472441 0.654803322708852 1 0.390442714908077
0.684420675189816 0.370037582522328 0.299212598425197 0.8277331449521 0.4 0.487197145780517
0.68863676199309 0.298775971422096 0.236220472440945 0.766398701648928 0.4 0.457003152082425
0.68863676199309 0.756541347547896 0.433070866141732 0.8277331449521 0.4 0.55778901757455
0.68863676199309 0.671553579639991 0.37007874015748 0.737173888967812 0.4 0.52553754061707
0.692780123592479 0.329192291191883 0.582677165354331 0.708857586651151 0.4 0.636408268140962
0.700855559772835 0.655232596540572 0.346456692913386 0.579663133904375 0.6 0.519406105421476
0.700855559772835 0.66075566474917 0.464566929133858 0.227183941484498 0.6 0.579877624716751
0.700855559772835 0.855877726385783 0.874015748031496 0.111867085385469 0.6 0.789512224940372
0.70479094257601 0.835956575183371 0.409448818897638 0.271660198880265 0.8 0.553578079895878
0.70479094257601 0.620173139080759 0.385826771653543 0.737173888967812 0.4 0.541483776036823
0.70479094257601 0.206828658011353 0.496062992125984 0.447899024123338 0.6 0.597923860712413
0.708660220956156 0.788812843746063 0.598425196850394 0 1 0.65222074881097
0.712464922524519 0.796462170603856 0.62992125984252 0.0408316394988321 0.8 0.670203211344299
0.727066903819577 0.93719841259223 0.456692913385827 0.796571309756421 0.4 0.588637530526857
0.727066903819577 0.93980915064126 0.456692913385827 0.737173888967812 0.4 0.588637530526857
0.730570050809679 0.24689311623375 0.551181102362205 0.447899024123338 0.4 0.638724309030354
0.730570050809679 0.57433909996003 0.566929133858268 0.737173888967812 0.4 0.646787178269724
0.740746361523206 0.298775971422096 0.236220472440945 0.766398701648928 0.4 0.48243304327996
0.744031415812396 0.655232596540572 0.535433070866142 0.468316082350333 0.4 0.63723069095538
0.747264856641292 0.760732043226694 0.590551181102362 0.0375515644561815 0.6 0.667028677649184
0.750447781789762 0.428501784693639 0.401574803149606 0.556077595392986 0.6 0.571827539086517
0.750447781789762 0.8957739235772 0.488188976377953 0.408737819242607 0.4 0.616173319903053
0.756666322346685 0.697214797954968 0.204724409448819 0.8277331449521 0.4 0.474076369911308
0.774214614911894 0.394679049860455 0.748031496062992 0.489319258581996 0.4 0.760809062375988
0.774214614911894 0.655232596540572 0.346456692913386 0.579663133904375 0.6 0.555205896772052
0.787676436676332 0.671553579639991 0.433070866141732 0.796571309756421 0.4 0.606121151656266
0.809572761176641 0.607674115828091 0.283464566929134 0.51093120385749 0.4 0.540209471101991
0.822699988947875 0.560063374818647 0.456692913385827 0.489319258581996 0.6 0.63530722232312
0.822699988947875 0.513332189939335 0.244094488188976 0.603959770592636 0.4 0.526458487591624
0.832844278614067 0.428501784693639 0.31496062992126 0.556077595392986 0.4 0.567691891684827
0.832844278614067 0.626261207129335 0.52755905511811 0.681412524146822 0.4 0.676540626416322
0.84048329957292 0.829076667768906 0.559055118110236 0.737173888967812 0.4 0.696394266732555
0.849482333461425 0.581264045057132 0.362204724409449 0.556077595392986 0.6 0.600000000000181
0.849482333461425 0.521573675631318 0.393700787401575 0.428046476643157 0.4 0.616125738478921
0.849482333461425 0.521573675631318 0.448818897637795 0.766398701648928 0.4 0.644345780816716
0.857916311557282 0.560063374818647 0.433070866141732 0.893201821221105 0.4 0.640398758700986
0.857916311557282 0.814929117139263 0.62992125984252 0.603959770592636 0.4 0.741184624193111
0.862724075557168 0.632246756970788 0.409448818897638 0.654803322708852 0.4 0.6306506811903
0.868858009193304 0.160777495819646 0.511811023622047 0.603959770592636 0.4 0.686052738725564
0.890583110032082 0.692225933704447 0.433070866141732 0.8277331449521 0.4 0.656340411265517
0.951668796685398 0.459207091976074 0.417322834645669 0.796571309756421 0.6 0.678087833782904
0.953286284983232 0.406341050917179 0.488188976377953 0.24163615389195 0.6 0.715160092271159
0.979908230657589 0.702136090254363 0.551181102362205 0.556077595392986 0.8 0.760403286456754
0.984268917281664 0.784928646437761 0.622047244094488 0.681412524146822 0.4 0.798814247134213
0.986046218726164 0.504887741382321 0.68503937007874 0.654803322708852 0.4 0.831933061065426
0.992600638391381 0.265150643984223 0.37007874015748 0.160049339207049 1 0.673874284220754
0.992714810324821 0.382589399856874 0.519685039370079 0.353882678081622 0.6 0.750527258789206
0.992827647078142 0.682037442274625 0.204724409448819 0.737173888967812 0.4 0.589324939217925
0.993581135098978 0.513332189939335 0.346456692913386 0.371674306920417 0.8 0.662258470406116
0.996950773006904 0.692225933704447 0.425196850393701 0.447899024123338 0.4 0.70421722619633
0.997127192429748 0.343386357141337 0.503937007874016 0.336561300228931 0.6 0.744617666448182
1 0.428501784693639 0.551181102362205 0.185922189608235 0.6 0.770208226677954
1 0.868601991466656 0.440944881889764 0.556077595392986 0.4 0.713768142002364
