0 0.560063374818647 0.220472440944882 0.737173888967812 0.4 0.0462811949245638
0 0.93457008048021 0.503937007874016 0.654803322708852 0.4 0.105785588399003
0.0670357061168292 0.298775971422096 0.511811023622047 0.123490309538899 0.6 0.219084945813917
0.0670357061168292 0.487345645735654 0.511811023622047 0.468316082350333 0.6 0.219084945813917
0.10763842335381 0.160777495819646 0.763779527559055 0.123490309538899 0.8 0.334291651871955
0.126850150572236 0.0750933502543975 0.488188976377953 0.123490309538899 0.8 0.263275249410307
0.14538815668388 0.406341050917179 0.251968503937008 0.859927927803864 0.6 0.190605271864785
0.14538815668388 0.0750933502543975 0.31496062992126 0.628996381325591 0.6 0.215045146653283
0.14538815668388 0.428501784693639 0.637795275590551 0.408737819242607 0.6 0.327758697956444
0.163288310686206 0.459207091976074 0.291338582677165 0.603959770592636 0.4 0.217387627013847
0.163288310686206 0.687167508427955 0.283464566929134 0.708857586651151 0.4 0.214261299243287
0.180583884149858 0.428501784693639 0.480314960629921 0.468316082350333 0.6 0.300068102250424
0.197305788339802 0.370037582522328 0.62992125984252 0.38995336427727 0.6 0.365195377547097
0.197305788339802 0.134846319931505 0.417322834645669 0.199338374968847 0.8 0.287999680359244
0.213482785348537 0.692225933704447 0.425196850393701 0.708857586651151 0.4 0.301518891913413
0.229141676548975 0.417606134735786 0.31496062992126 0.336561300228931 0.8 0.266770487709891
0.229141676548975 0.428501784693639 0.677165354330709 0.556077595392986 0.4 0.404998627855151
0.229141676548975 0.57433909996003 0.448818897637795 0.447899024123338 0.6 0.320710508224021
0.229141676548975 0.24689311623375 0.188976377952756 0.8277331449521 0.6 0.210259176696287
0.229141676548975 0.781003585770755 0.606299212598425 0.737173888967812 0.4 0.379606082400906
0.244307471197245 0.417606134735786 0.251968503937008 0.319693745911704 0.6 0.247802833900947
0.25900353761506 0.552699968949713 0.448818897637795 0.893201821221105 0.4 0.339534800146038
0.25900353761506 0.10646689010516 0.503937007874016 0.408737819242607 0.2 0.361198620442052
0.25900353761506 0.852629193927041 0.440944881889764 0.628996381325591 0.4 0.336390409878692
0.25900353761506 0.0750933502543975 0.417322834645669 0.38995336427727 0.4 0.326875491461863
0.273251739043858 0.468849007765316 0.661417322834646 0.654803322708852 0.4 0.430141165126312
0.273251739043858 0.206828658011353 0.590551181102362 0.8277331449521 0.4 0.403637143498995
0.287072555977729 0.822069214111767 0.456692913385827 0.8277331449521 0.4 0.359921605643924
0.300485196540257 0.24689311623375 0.275590551181102 0.25645735016008 0.8 0.288945660493591
0.300485196540257 0.796462170603856 0.62992125984252 0.0375515644561815 0.8 0.436459013259378
0.300485196540257 0.692225933704447 0.464566929133858 0.489319258581996 0.6 0.371242777222295
0.300485196540257 0.730346031075707 0.456692913385827 0.8277331449521 0.4 0.368011084468524
0.300485196540257 0.702136090254363 0.464566929133858 0.336561300228931 0.4 0.371242777222295
0.313507696264702 0.706991714150705 0.566929133858268 0.737173888967812 0.4 0.42036750451553
0.326157008461307 0.406341050917179 0.346456692913386 0.737173888967812 0.4 0.335381619663139
0.326157008461307 0.898677830527398 0.401574803149606 0.766398701648928 0.4 0.359738296368096
0.326157008461307 0.370037582522328 0.425196850393701 0.579663133904375 0.6 0.369906386049067
0.326157008461307 0.428501784693639 0.362204724409449 0.428046476643157 0.8 0.342438457703509
0.326157008461307 0.428501784693639 0.346456692913386 0.353882678081622 0.4 0.335381619663139
0.326157008461307 0.356984637361153 0.464566929133858 0.408737819242607 0.6 0.386541417957576
0.338449086205283 0.160777495819646 0.385826771653543 0.227183941484498 0.6 0.359770948722568
0.338449086205283 0.206828658011353 0.440944881889764 0.21308856566953 0.8 0.383729051870739
0.338449086205283 0 0.307086614173228 0.51093120385749 0.4 0.323890551318415
0.350398956850022 0.560063374818647 0.251968503937008 0.603959770592636 0.6 0.303291283318838
0.350398956850022 0.868601991466656 0.299212598425197 0.796571309756421 0.4 0.326445578837951
0.350398956850022 0.796462170603856 0.377952755905512 0.603959770592636 0.4 0.362893806164175
0.350398956850022 0.382589399856874 0.110236220472441 0.681412524146822 0.4 0.223591740127044
0.362020789859073 0.184667583968617 0.614173228346457 0.199338374968847 0.4 0.469325089590913
0.362020789859073 0.459207091976074 0.354330708661417 0.579663133904375 0.6 0.358487190451732
0.362020789859073 0.343386357141337 0.52755905511811 0.24163615389195 0.8 0.43400791422765
0.373327958654647 0.822069214111767 0.78740157480315 0.303264298797106 0.4 0.544084597192683
0.373327958654647 0.560063374818647 0.52755905511811 0.25645735016008 0.6 0.440689972190876
0.373327958654647 0.356984637361153 0.425196850393701 0.737173888967812 0.4 0.396674002481457
0.373327958654647 0.24689311623375 0.15748031496063 0.8277331449521 0.6 0.263046692264939
0.373327958654647 0.552699968949713 0.47244094488189 0.111867085385469 0.8 0.417291732503567
0.384333097097484 0.71178349253875 0.409448818897638 0.556077595392986 0.6 0.395741663099453
0.384333097097484 0.227505353741453 0.440944881889764 0.654803322708852 0.6 0.409788230498978
0.384333097097484 0.134846319931505 0.220472440944882 0.408737819242607 0.8 0.303641782926906
0.384333097097484 0.298775971422096 0.362204724409449 0.766398701648928 0.4 0.374113142828761
0.384333097097484 0.487345645735654 0.425196850393701 0.336561300228931 0.8 0.402799376806687
0.384333097097484 0.781003585770755 0.52755905511811 0.893201821221105 0.4 0.447144984393435
0.384333097097484 0.24689311623375 0.220472440944882 0.227183941484498 0.6 0.303641782926906
0.384333097097484 0.382589399856874 0.322834645669291 0.38995336427727 0.8 0.35549134748752
0.384333097097484 0.852629193927041 0.440944881889764 0.628996381325591 0.4 0.409788230498978
0.395048151141103 0.504887741382321 0.385826771653543 0.796571309756421 0.2 0.39080968937025
0.395048151141103 0.184667583968617 0.62992125984252 0.408737819242607 0.4 0.495888909827987
0.395048151141103 0.496229480213374 0.440944881889764 0.893201821221105 0.6 0.415763579952427
0.395048151141103 0.134846319931505 0.299212598425197 0.859927927803864 0.6 0.349489367809247
0.395048151141103 0.855877726385783 0.488188976377953 0.38995336427727 0.4 0.43649976049909
0.395048151141103 0.862292879864541 0.322834645669291 0.654803322708852 0.4 0.361058252849634
0.395048151141103 0.552699968949713 0.354330708661417 0.737173888967812 0.4 0.376117891258232
0.405484426140896 0.382589399856874 0.582677165354331 0.893201821221105 0.4 0.482692438951011
0.405484426140896 0.314344498571024 0.448818897637795 0.489319258581996 0.8 0.425065891622465
0.405484426140896 0.370037582522328 0.409448818897638 0.708857586651151 0.6 0.407298391771986
0.405484426140896 0.588054803744782 0.354330708661417 0.737173888967812 0.4 0.381619453811925
0.405484426140896 0.298775971422096 0.275590551181102 0.603959770592636 0.6 0.342867698514378
0.405484426140896 0.487345645735654 0.433070866141732 0.287257917047627 0.8 0.418010983692139
0.415652630244142 0.417606134735786 0.551181102362205 0.766398701648928 0.4 0.475377657679902
0.415652630244142 0.382589399856874 0.551181102362205 0.24163615389195 0.6 0.475377657679902
0.415652630244142 0.706991714150705 0.566929133858268 0.737173888967812 0.4 0.482054501608025
0.415652630244142 0.449281074030838 0.47244094488189 0.489319258581996 0.4 0.441220047137737
0.415652630244142 0.682037442274625 0.740157480314961 0 0.6 0.552789628653293
0.425562914239401 0.206828658011353 0.488188976377953 0.737173888967812 0.4 0.453722797411151
0.425562914239401 0.298775971422096 0.559055118110236 0.199338374968847 0.6 0.484467918736055
0.425562914239401 0.206828658011353 0.385826771653543 0.603959770592636 1 0.407115377758348
0.425562914239401 0.632246756970788 0.496062992125984 0.51093120385749 0.6 0.45719344220916
0.425562914239401 0.513332189939335 0.496062992125984 0.489319258581996 0.4 0.45719344220916
0.425562914239401 0.697214797954968 0.519685039370079 0.737173888967812 0.4 0.467520484603439
0.425562914239401 0.730346031075707 0.338582677165354 0.556077595392986 0.6 0.384478389501156
0.425562914239401 0.10646689010516 0.598425196850394 0.408737819242607 0 0.501114630122837
0.425562914239401 0.792657065552843 0.440944881889764 0.654803322708852 0.4 0.432576549919223
0.425562914239401 0.439052681392566 0.535433070866142 0.271660198880265 0.8 0.474337634693127
0.435224908202184 0.955117565483606 0.401574803149606 0.628996381325591 0.4 0.419639463760586
0.435224908202184 0.626261207129335 0.31496062992126 0.766398701648928 0.4 0.377714922511056
0.435224908202184 0.282408617443062 0.362204724409449 0.0894140954584182 1 0.400937668845595
0.435224908202184 0.788812843746063 0.464566929133858 0.489319258581996 0.4 0.448549695750948
0.435224908202184 0.697214797954968 0.511811023622047 0.766398701648928 0.4 0.469544220561008
0.435224908202184 0.581264045057132 1 0.160049339207049 0.6 0.665241291783275
0.435224908202184 0.748014728836851 0.322834645669291 0.408737819242607 0.6 0.381651449676433
0.435224908202184 0.972253242007213 0.330708661417323 0.336561300228931 0.6 0.385560293440729
0.435224908202184 0.923875682984825 0.267716535433071 0.893201821221105 0.4 0.353450803260498
0.435224908202184 0.356984637361153 0.511811023622047 0.468316082350333 0.4 0.469544220561008
0.435224908202184 0.184667583968617 0.637795275590551 0.616383717667685 0 0.523246356052432
0.444647755237264 0.643924425452699 0.236220472440945 0.8277331449521 0.6 0.341038545764132
0.444647755237264 0.160777495819646 0.385826771653543 0.0785683815432723 0.6 0.417180061885624
0.444647755237264 0.581264045057132 0.503937007874016 0.25645735016008 0.6 0.471351790658187
0.444647755237264 0.57433909996003 0.251968503937008 0.766398701648928 0.4 0.34962151818184
0.444647755237264 0.184667583968617 0.47244094488189 0.681412524146822 0.2 0.457277142066449
0.444647755237264 0.504887741382321 0.503937007874016 0.533175674093379 0.6 0.471351790658187
0.444647755237264 0.298775971422096 0.409448818897638 0.628996381325591 0.6 0.428340580951446
0.444647755237264 0.521573675631318 0.425196850393701 0.681412524146822 0.4 0.435681970637429
0.444647755237264 0.682037442274625 0.653543307086614 0.628996381325591 0.4 0.535379461958228
0.444647755237264 0.666195116334673 0.433070866141732 0.408737819242607 0.6 0.439324636298358
0.444647755237264 0.449281074030838 0.385826771653543 0.681412524146822 0.8 0.417180061885624
0.444647755237264 0.227505353741453 0.700787401574803 0.447899024123338 0 0.554802115778615
0.453840142585926 0.134846319931505 0.362204724409449 0.556077595392986 0.8 0.410574399335278
0.453840142585926 0.721182427964643 0.417322834645669 0.38995336427727 0.6 0.436918980994797
0.453840142585926 0.588054803744782 0.440944881889764 0.708857586651151 0.2 0.447908872983024
0.453840142585926 0.687167508427955 0.330708661417323 0.766398701648928 0.4 0.395011523872842
0.453840142585926 0.439052681392566 0.456692913385827 0.654803322708852 0 0.455146082574288
0.453840142585926 0.314344498571024 0.299212598425197 0.796571309756421 0.6 0.379011236869807
0.453840142585926 0.773027169238684 0.425196850393701 0.708857586651151 0.4 0.440600810072657
0.462810330338205 0.227505353741453 0.338582677165354 0.603959770592636 0.6 0.403488322120228
0.462810330338205 0.792657065552843 0.354330708661417 0.8277331449521 0.4 0.411312897893687
0.462810330338205 0.227505353741453 0.559055118110236 0.654803322708852 0.4 0.505778968399941
0.462810330338205 0.282408617443062 0.322834645669291 0.271660198880265 1 0.395557378523783
0.462810330338205 0.382589399856874 0.519685039370079 0.353882678081622 0.6 0.488459516589367
0.462810330338205 0.449281074030838 0.393700787401575 0.796571309756421 0.4 0.4304532381919
0.462810330338205 0.282408617443062 0.267716535433071 0.796571309756421 0.6 0.366837796291393
0.462810330338205 0.620173139080759 0.535433070866142 0.556077595392986 0.6 0.495427109407911
0.462810330338205 0.632246756970788 0.228346456692913 0.556077595392986 0.4 0.345212062165325
0.47156617796527 0.298775971422096 0.330708661417323 0.737173888967812 0.4 0.403935984675578
0.47156617796527 0.343386357141337 0.409448818897638 0.447899024123338 0.6 0.442561661644909
0.47156617796527 0.513332189939335 0.377952755905512 0.603959770592636 0.6 0.42739110574521
0.47156617796527 0.487345645735654 0.511811023622047 0.468316082350333 0.6 0.489800571410255
0.47156617796527 0.134846319931505 0.37007874015748 0.21308856566953 0.8 0.423543288756475
0.47156617796527 0.521573675631318 0.440944881889764 0.708857586651151 0.6 0.45740888552566
0.47156617796527 0.227505353741453 0.37007874015748 0.25645735016008 0.8 0.423543288756475
0.47156617796527 0.496229480213374 0.464566929133858 0.737173888967812 0.4 0.468352847598755
0.47156617796527 0.265150643984223 0.322834645669291 0.38995336427727 1 0.399934843364709
0.47156617796527 0.66075566474917 0.68503937007874 0.303264298797106 0.6 0.564439886599296
0.47156617796527 0.725792866742076 0.551181102362205 0.766398701648928 0.4 0.507272778731813
0.47156617796527 0.227505353741453 0.433070866141732 0.447899024123338 0.6 0.453725420970203
0.47156617796527 0.521573675631318 0.47244094488189 0.796571309756421 0.4 0.471966867901864
0.47156617796527 0.607674115828091 0.503937007874016 0.8277331449521 0.4 0.486264099138913
0.47156617796527 0.818516076707867 0.330708661417323 0.859927927803864 0.4 0.403935984675578
0.47156617796527 0.134846319931505 0.385826771653543 0.371674306920417 0.8 0.431216175636508
0.47156617796527 0.666195116334673 0.330708661417323 0.654803322708852 0.6 0.403935984675578
0.480115168865041 0.468849007765316 0.62992125984252 0.336561300228931 0.4 0.546230588177426
0.480115168865041 0.93457008048021 0.149606299212598 0.654803322708852 0.4 0.30542402565382
0.480115168865041 0.803958327411657 0.551181102362205 0.21308856566953 0.6 0.512066756608442
0.480115168865041 0.417606134735786 0.37007874015748 0.766398701648928 0.6 0.427924765730951
0.480115168865041 0.601254935231677 0.37007874015748 0.603959770592636 0.4 0.427924765730951
0.480115168865041 0.487345645735654 0.661417322834646 0.185922189608235 0.8 0.559585071340985
0.480115168865041 0.343386357141337 0.503937007874016 0.336561300228931 0.6 0.490957992053063
0.480115168865041 0.649623150907283 0.440944881889764 0.893201821221105 0.6 0.461961719017896
0.480115168865041 0.552699968949713 0.511811023622047 0.38995336427727 0.6 0.494511461214456
0.488464433094681 0.370037582522328 0.322834645669291 0.8277331449521 0.4 0.408336271994842
0.488464433094681 0.666195116334673 0.566929133858268 0.628996381325591 0.4 0.523689383780834
0.488464433094681 0.721182427964643 0.614173228346457 0.681412524146822 0.4 0.544275485170158
0.488464433094681 0.71178349253875 0.377952755905512 0.603959770592636 0.6 0.436074660553576
0.488464433094681 0.613978773897172 0.614173228346457 0.353882678081622 0.6 0.544275485170158
0.488464433094681 0.504887741382321 0.52755905511811 0.371674306920417 0.6 0.506189564571484
0.488464433094681 0.567274244825443 0.425196850393701 0.303264298797106 0.6 0.458932776007617
0.488464433094681 0.370037582522328 0.511811023622047 0.876427000666357 0.2 0.4990934563793
0.488464433094681 0.910079831012762 0.551181102362205 0.489319258581996 0.4 0.516729187651306
0.488464433094681 0.0750933502543975 0.464566929133858 0.51093120385749 0.2 0.477440960193308
0.488464433094681 0.406341050917179 0.259842519685039 0.51093120385749 0.2 0.374834823688781
0.496620768446277 0.428501784693639 0.385826771653543 0.336561300228931 0.8 0.444124957325362
0.496620768446277 0.394679049860455 0.275590551181102 0.681412524146822 0.6 0.387331083498468
0.496620768446277 0.706991714150705 0.299212598425197 0.8277331449521 0.4 0.399999999999938
0.496620768446277 0.702136090254363 0.456692913385827 0.428046476643157 0.8 0.478119420852612
0.496620768446277 0.822069214111767 0.456692913385827 0.737173888967812 0.4 0.478119420852612
0.496620768446277 0.298775971422096 0.330708661417323 0.737173888967812 0.4 0.416432829229928
0.496620768446277 0.394679049860455 0.456692913385827 1 0.6 0.478119420852612
0.496620768446277 0.725792866742076 0.637795275590551 0.737173888967812 0.4 0.559113237594582
0.496620768446277 0.382589399856874 0.645669291338583 0.371674306920417 0.6 0.562485720950157
0.496620768446277 0.898677830527398 0.433070866141732 0.796571309756421 0.4 0.466964379916612
0.496620768446277 0.449281074030838 0.519685039370079 0.654803322708852 0.4 0.507123109792298
0.496620768446277 0.829076667768906 0.330708661417323 0.718197749117435 0.6 0.416432829229928
0.496620768446277 0.439052681392566 0.52755905511811 0.371674306920417 0.2 0.510679682329335
0.504590660006671 0.588054803744782 0.354330708661417 0.737173888967812 0.4 0.432458130389159
0.504590660006671 0.904420889298012 0.409448818897638 0.737173888967812 0.4 0.459767085108767
0.504590660006671 0.904420889298012 0.456692913385827 0.766398701648928 0.4 0.482349006092638
0.504590660006671 0.496229480213374 0.283464566929134 0.893201821221105 0.6 0.395418165080302
0.504590660006671 0.184667583968617 0.47244094488189 0.8277331449521 0.4 0.489729328895496
0.504590660006671 0.957611771908614 0.377952755905512 0.766398701648928 0.4 0.444301901982212
0.504590660006671 0.777036743433552 0.251968503937008 0.579663133904375 0.4 0.378067516773934
0.504590660006671 0.784928646437761 0.606299212598425 0.681412524146822 0.4 0.550032016598343
0.504590660006671 0.282408617443062 0.440944881889764 0.766398701648928 0.4 0.474897806072798
0.504590660006671 0.620173139080759 0.448818897637795 0.428046476643157 0.4 0.478632497397734
0.504590660006671 0.921155483818884 0.535433070866142 0.489319258581996 0.4 0.518608122296633
0.504590660006671 0.356984637361153 0.377952755905512 0.708857586651151 0.4 0.444301901982212
0.504590660006671 0.676833558957036 0.692913385826772 0.38995336427727 0.4 0.587175061085736
0.504590660006671 0.803958327411657 0.433070866141732 0.579663133904375 0.4 0.471144442850534
0.51238029832872 0.343386357141337 0.31496062992126 0.408737819242607 0.6 0.415995847530502
0.51238029832872 0.846047721315057 0.440944881889764 0.489319258581996 0.8 0.478985488637755
0.51238029832872 0.702136090254363 0.362204724409449 0.654803322708852 0.4 0.440349867569386
0.51238029832872 0.329192291191883 0.425196850393701 0.371674306920417 0.4 0.471427129379002
0.51238029832872 0.343386357141337 0.433070866141732 0.603959770592636 0.4 0.475215974515764
0.51238029832872 0.57433909996003 0.503937007874016 0.38995336427727 0.4 0.508503142652903
0.51238029832872 0.382589399856874 0.559055118110236 0.353882678081622 0.8 0.53351272345572
0.51238029832872 0.960090219785983 0.362204724409449 0.737173888967812 0.4 0.440349867569386
0.51238029832872 0.394679049860455 0.488188976377953 0.172829278785614 0.8 0.501223989451628
0.51238029832872 0.478223460369541 0.488188976377953 0.489319258581996 0.8 0.501223989451628
0.51238029832872 0.356984637361153 0.519685039370079 0.353882678081622 0.6 0.515720682276054
0.51238029832872 0.588054803744782 0.417322834645669 0.38995336427727 0.6 0.467618413699721
0.51238029832872 0.811307648457311 0.582677165354331 0.654803322708852 0.4 0.544027385404964
0.51238029832872 0.594716749782901 0.377952755905512 0.533175674093379 0.6 0.448256002203049
0.51238029832872 0.66075566474917 0.425196850393701 0.708857586651151 0.4 0.471427129379002
0.51238029832872 0.406341050917179 0.519685039370079 0.160049339207049 0.8 0.515720682276054
0.51238029832872 0.537487145739597 0.535433070866142 0.38995336427727 0.6 0.522879388685501
0.51238029832872 0.382589399856874 0.346456692913386 0.408737819242607 0.8 0.432342590410356
0.51238029832872 0.807650962187351 0.440944881889764 0.579663133904375 0.4 0.478985488637755
0.51238029832872 1 0.464566929133858 0.533175674093379 0.6 0.490183089141808
0.519995596329089 0.567274244825443 0.559055118110236 0.489319258581996 0.4 0.537715879446225
0.519995596329089 0.134846319931505 0.464566929133858 0.408737819242607 0.6 0.494212292042631
0.519995596329089 0.792657065552843 0.622047244094488 0.737173888967812 0.4 0.565618243593382
0.519995596329089 0.649623150907283 0.511811023622047 0.8277331449521 0.4 0.516237625191229
0.519995596329089 0.560063374818647 0.236220472440945 0.319693745911704 0.8 0.376259618812744
0.519995596329089 0.552699968949713 0.511811023622047 0.408737819242607 0.6 0.516237625191229
0.519995596329089 0.160777495819646 0.551181102362205 0.199338374968847 0.6 0.534171090828771
0.519995596329089 0.356984637361153 0.47244094488189 0.681412524146822 0.4 0.49792455428713
0.519995596329089 0.756541347547896 0.52755905511811 0.737173888967812 0.6 0.523454155659934
0.519995596329089 0.901560039281263 0.47244094488189 0.489319258581996 0.4 0.49792455428713
0.519995596329089 0.459207091976074 0.511811023622047 0.708857586651151 0.4 0.516237625191229
0.519995596329089 0.655232596540572 0.535433070866142 0.468316082350333 0.4 0.527040530323357
0.519995596329089 0.265150643984223 0.543307086614173 0.603959770592636 0.4 0.530612739763584
0.519995596329089 0.71178349253875 0.267716535433071 0.796571309756421 0.4 0.39410910882017
0.519995596329089 0.449281074030838 0.362204724409449 0.654803322708852 0.6 0.444169203443963
0.519995596329089 0.588054803744782 0.503937007874016 0.489319258581996 0.8 0.512606795731755
0.519995596329089 0.57433909996003 0.228346456692913 0.8277331449521 0.4 0.371681946952151
0.527442205016792 0.777036743433552 0.354330708661417 0.737173888967812 0.4 0.443868072878006
0.527442205016792 0.748014728836851 0.307086614173228 0.859927927803864 0.6 0.419129617898707
0.527442205016792 0.417606134735786 0.488188976377953 0.708857586651151 0.6 0.5092692355718
0.527442205016792 0.265150643984223 0.543307086614173 0.303264298797106 0.6 0.534681813416784
0.527442205016792 0.842713740392177 0.417322834645669 0.737173888967812 0.4 0.475390368279684
0.527442205016792 0.748014728836851 0.307086614173228 0.859927927803864 0.6 0.419129617898707
0.527442205016792 0.394679049860455 0.425196850393701 0.172829278785614 0.6 0.479230540588794
0.527442205016792 0.792657065552843 0.409448818897638 0.579663133904375 0.4 0.471529462139237
0.527442205016792 0.521573675631318 0.519685039370079 0.737173888967812 0.4 0.523880983894931
0.527442205016792 0.649623150907283 0.496062992125984 0.533175674093379 0.4 0.512945799856244
0.527442205016792 0.417606134735786 0.37007874015748 0.766398701648928 0.6 0.451891805631581
0.527442205016792 0.626261207129335 0.456692913385827 0.796571309756421 0.4 0.494394978814787
0.527442205016792 0.496229480213374 0.551181102362205 0.603959770592636 0.6 0.53825375951182
0.527442205016792 0.329192291191883 0.433070866141732 0.579663133904375 0.4 0.483050552413971
0.534725528146963 0.24689311623375 0.488188976377953 0.859927927803864 0.4 0.513141025044321
0.534725528146963 0.459207091976074 0.606299212598425 0.319693745911704 0.2 0.566960501872466
0.534725528146963 0.537487145739597 0.433070866141732 0.737173888967812 0.4 0.486821550627381
0.534725528146963 0.370037582522328 0.68503937007874 0.628996381325591 0.6 0.601286559684682
0.534725528146963 0.513332189939335 0.456692913385827 0.38995336427727 0.6 0.498209915352065
0.534725528146963 0.904420889298012 0.377952755905512 0.681412524146822 0.4 0.459529582611211
0.534725528146963 0.607674115828091 0.496062992125984 0.628996381325591 0.6 0.516831513573486
0.534725528146963 0.343386357141337 0.401574803149606 0.428046476643157 0.8 0.471357725988319
0.534725528146963 0.406341050917179 0.732283464566929 0.287257917047627 0.6 0.621393236313189
0.534725528146963 0.513332189939335 0.401574803149606 0.737173888967812 0.4 0.471357725988319
0.534725528146963 0.57433909996003 0.448818897637795 0.737173888967812 0.6 0.494432679368846
0.534725528146963 0.682037442274625 0.740157480314961 0 0.6 0.624712035666767
0.534725528146963 0.752302634912051 0.740157480314961 0.319693745911704 0.4 0.624712035666767
0.534725528146963 0.487345645735654 0.606299212598425 0.766398701648928 0.4 0.566960501872466
0.541850735885643 0.666195116334673 0.283464566929134 0.8277331449521 0.4 0.413166435863807
0.541850735885643 0.10646689010516 0.330708661417323 0.654803322708852 0.6 0.438674631902199
0.541850735885643 0.588054803744782 0.409448818897638 0.708857586651151 0.4 0.47888983662232
0.541850735885643 0.329192291191883 0.433070866141732 0.579663133904375 0.4 0.490499957817404
0.541850735885643 0.655232596540572 0.464566929133858 0.654803322708852 0.4 0.50570400413391
0.541850735885643 0.706991714150705 0.488188976377953 0.353882678081622 0.4 0.516917373294475
0.541850735885643 0.184667583968617 0.645669291338583 0.428046476643157 0.4 0.588288359010889
0.541850735885643 0 0.417322834645669 0.24163615389195 0.6 0.482780698435997
0.541850735885643 0.581264045057132 0.574803149606299 0.38995336427727 0.4 0.556827761813984
0.541850735885643 0.777036743433552 0.456692913385827 0.708857586651151 0.2 0.501931018367678
0.541850735885643 0.382589399856874 0.440944881889764 0.0679663869261103 0.6 0.494329491337823
0.541850735885643 0.692225933704447 0.566929133858268 0.737173888967812 0.6 0.553270449539053
0.541850735885643 0.552699968949713 0.62992125984252 0.489319258581996 0.4 0.58137907041637
0.541850735885643 0.655232596540572 0.566929133858268 0.556077595392986 0.4 0.553270449539053
0.541850735885643 0.676833558957036 0.480314960629921 0.603959770592636 0.6 0.513196745207532
0.541850735885643 0.868601991466656 0.440944881889764 0.556077595392986 0.4 0.494329491337823
0.541850735885643 0.206828658011353 0.724409448818898 0.579663133904375 0.2 0.622209269516193
0.541850735885643 0.588054803744782 0.496062992125984 0.51093120385749 0.4 0.520621392315285
0.541850735885643 0.552699968949713 0.393700787401575 0.428046476643157 0.8 0.47104260079161
0.541850735885643 0.955117565483606 0.338582677165354 0.766398701648928 0.4 0.442814902246208
0.541850735885643 0.513332189939335 0.338582677165354 0.737173888967812 0.4 0.442814902246208
0.541850735885643 0.739286405277032 0.480314960629921 0.681412524146822 0.4 0.513196745207532
0.541850735885643 0.792657065552843 0.267716535433071 0.579663133904375 0.6 0.404378273861912
0.541850735885643 0.134846319931505 0.464566929133858 0.408737819242607 0.6 0.50570400413391
0.541850735885643 0.632246756970788 0.519685039370079 0.681412524146822 0.4 0.531637658376904
0.541850735885643 0.807650962187351 0.456692913385827 0.377712296045613 0.6 0.501931018367678
0.548822777563539 0.406341050917179 0.488188976377953 0.737173888967812 0.4 0.520601856126183
0.548822777563539 0.459207091976074 0.385826771653543 0.579663133904375 0.6 0.470587624626732
0.548822777563539 0.811307648457311 0.653543307086614 0.100511056496556 0.8 0.595668155041406
0.548822777563539 0.57433909996003 0.566929133858268 0.135389177602393 1 0.557082063813957
0.548822777563539 0.676833558957036 0.228346456692913 0.893201821221105 0.4 0.384823408810869
0.548822777563539 0.343386357141337 0.338582677165354 0.489319258581996 0.4 0.446225567610883
0.548822777563539 0.962553117840914 0.362204724409449 0.737173888967812 0.4 0.458524445576667
0.548822777563539 0.382589399856874 0.393700787401575 0.468316082350333 0.6 0.474560089750914
0.548822777563539 0.439052681392566 0.440944881889764 0.428046476643157 0.6 0.497932718597859
0.555646393589723 0.626261207129335 0.496062992125984 0.533175674093379 0.6 0.52792782522958
0.555646393589723 0.314344498571024 0.440944881889764 0.708857586651151 0.2 0.501449694296424
0.555646393589723 0.988674423066297 0.52755905511811 0.353882678081622 0.4 0.542687247352456
0.555646393589723 0.370037582522328 0.409448818897638 0.708857586651151 0.6 0.485898363667794
0.555646393589723 0.504887741382321 0.393700787401575 0.353882678081622 0.6 0.477993678148734
0.555646393589723 0.748014728836851 0.574803149606299 0.38995336427727 0.8 0.564383115730637
0.555646393589723 0.57433909996003 0.401574803149606 0.533175674093379 0.4 0.481957293500085
0.555646393589723 0.487345645735654 0.488188976377953 0.489319258581996 0.4 0.524197859315779
0.555646393589723 0.974641379016255 0.299212598425197 0.303264298797106 0.6 0.428383430109644
0.555646393589723 0.394679049860455 0.503937007874016 0.468316082350333 0.6 0.53164137087586
0.555646393589723 0.781003585770755 0.637795275590551 0.654803322708852 0.4 0.592581703614309
0.555646393589723 0.265150643984223 0.354330708661417 0.336561300228931 0.6 0.457812353395028
0.555646393589723 0.394679049860455 0.574803149606299 0.737173888967812 0.6 0.564383115730637
0.555646393589723 0.314344498571024 0.330708661417323 0.654803322708852 0.4 0.445383525720301
0.555646393589723 0.620173139080759 0.354330708661417 0.287257917047627 0.8 0.457812353395028
0.562326126589901 0.702136090254363 0.307086614173228 0.766398701648928 0.4 0.435872918416892
0.562326126589901 0.227505353741453 0.511811023622047 0.766398701648928 0.6 0.538886661889038
0.562326126589901 0.282408617443062 0.307086614173228 0.556077595392986 0.4 0.435872918416892
0.562326126589901 0.5296222296829 0.464566929133858 0.371674306920417 0.6 0.516378143308366
0.562326126589901 0.521573675631318 0.456692913385827 0.319693745911704 0.6 0.512565472195148
0.562326126589901 0.803958327411657 0.433070866141732 0.654803322708852 0.6 0.501013257171803
0.562326126589901 0.24689311623375 0.480314960629921 0.38995336427727 0.8 0.523949258668605
0.562326126589901 0.382589399856874 0.259842519685039 0.8277331449521 0.8 0.409422213299496
0.562326126589901 0.428501784693639 0.393700787401575 0.353882678081622 0.8 0.481346383899124
0.568866331828234 0.24689311623375 0.440944881889764 0.353882678081622 0.6 0.508237196484135
0.568866331828234 0.478223460369541 0.559055118110236 0.185922189608235 0.6 0.564360550425076
0.568866331828234 0.343386357141337 0.188976377952756 0.628996381325591 0.8 0.369468449264696
0.568866331828234 0.918416090569315 0.385826771653543 0.766398701648928 0.4 0.480606629961868
0.568866331828234 0.24689311623375 0.21259842519685 0.25645735016008 0.8 0.384302031948063
0.568866331828234 0.588054803744782 0.606299212598425 0.447899024123338 0.6 0.585868855348156
0.568866331828234 0.743676408267776 0.31496062992126 0.766398701648928 0.4 0.443285899177303
0.568866331828234 0.329192291191883 0.31496062992126 0.371674306920417 0.8 0.443285899177303
0.568866331828234 0.428501784693639 0.346456692913386 0.353882678081622 0.4 0.460155228524916
0.568866331828234 0.666195116334673 0.488188976377953 0.408737819242607 0.4 0.531137099058772
0.568866331828234 0.849352696613204 0.283464566929134 0.8277331449521 0.4 0.425889516065985
0.568866331828234 0.8957739235772 0.409448818897638 0.796571309756421 0.4 0.492580143954787
0.568866331828234 0.449281074030838 0.535433070866142 0.556077595392986 0.6 0.553422598923464
0.568866331828234 0.962553117840914 0.440944881889764 0.737173888967812 0.4 0.508237196484135
0.568866331828234 0.343386357141337 0.52755905511811 0.24163615389195 0.8 0.549747407361496
0.57527118696656 0.626261207129335 0.535433070866142 0.38995336427727 0.6 0.556841203027237
0.57527118696656 0.184667583968617 0.440944881889764 0.319693745911704 0.6 0.51151348905143
0.57527118696656 0.468849007765316 0.614173228346457 0.38995336427727 0.2 0.592936902171242
0.57527118696656 0.66075566474917 0.440944881889764 0.556077595392986 0.4 0.51151348905143
0.581544701210234 0.206828658011353 0.52755905511811 0.38995336427727 0.2 0.556483821121632
0.581544701210234 0.496229480213374 0.283464566929134 0.51093120385749 0.6 0.431821167518421
0.581544701210234 0.282408617443062 0.37007874015748 0.185922189608235 0.6 0.478751065623812
0.581544701210234 0.314344498571024 0.338582677165354 0.51093120385749 0.6 0.462120101313855
0.581544701210234 0.282408617443062 0.614173228346457 0.468316082350333 0.4 0.596383524366986
0.581544701210234 0.329192291191883 0.425196850393701 0.160049339207049 0.6 0.506878787135788
0.587690723885665 0.134846319931505 0.464566929133858 0.123490309538899 0.8 0.529484907970792
0.587690723885665 0.832532257907225 0.330708661417323 0.303264298797106 0.6 0.460842242613544
0.587690723885665 0.796462170603856 0.440944881889764 0.478743015185434 0.6 0.5178445187932
0.587690723885665 0.800228989802756 0.330708661417323 0.766398701648928 0.4 0.460842242613544
0.587690723885665 0.768973879616662 0.480314960629921 0.579663133904375 0.4 0.537151159210567
0.587690723885665 0.206828658011353 0.622047244094488 0.428046476643157 0.6 0.603310659321929
0.587690723885665 0.10646689010516 0.417322834645669 0.185922189608235 0.6 0.506022627204384
0.587690723885665 0.227505353741453 0.551181102362205 0.303264298797106 0.4 0.570817854085484
0.587690723885665 0.734843402611236 0.417322834645669 0.654803322708852 0.6 0.506022627204384
0.587690723885665 0.406341050917179 0.559055118110236 0.737173888967812 0.4 0.574482023048421
0.587690723885665 0.5296222296829 0.582677165354331 0.796571309756421 0.4 0.585391004004115
0.587690723885665 0.487345645735654 0.551181102362205 0.737173888967812 0.4 0.570817854085484
0.593712952490799 0.632246756970788 0.440944881889764 0.603959770592636 0.8 0.520904217106037
0.593712952490799 0.406341050917179 0.377952755905512 0.227183941484498 0.6 0.488836453561012
0.593712952490799 0.417606134735786 0.291338582677165 0.579663133904375 0.6 0.441954085508232
0.593712952490799 0.594716749782901 0.440944881889764 0.303264298797106 0.6 0.520904217106037
0.593712952490799 0.521573675631318 0.21259842519685 0.766398701648928 0.4 0.395327025047901
0.593712952490799 0.504887741382321 0.503937007874016 0.533175674093379 0.6 0.551667509083825
0.593712952490799 0.343386357141337 0.425196850393701 0.654803322708852 0.6 0.513020768757073
0.593712952490799 0.282408617443062 0.354330708661417 0.160049339207049 0.8 0.476409361281647
0.599614940256417 0.567274244825443 0.37007874015748 0.227183941484498 0.6 0.487607342696433
0.599614940256417 0.449281074030838 0.433070866141732 0.353882678081622 0.6 0.519953867735325
0.599614940256417 0.417606134735786 0.322834645669291 0.353882678081622 0.6 0.462251570299545
0.599614940256417 0.702136090254363 0.480314960629921 0.766398701648928 0.2 0.543314584318099
0.599614940256417 0.849352696613204 0.425196850393701 0.628996381325591 0.4 0.515990339331381
0.599614940256417 0.93719841259223 0.393700787401575 0.766398701648928 0.4 0.499915006739822
0.599614940256417 0.282408617443062 0.417322834645669 0.428046476643157 0.6 0.512005315319305
0.605400103252995 0.428501784693639 0.362204724409449 0.428046476643157 0.8 0.486264872231221
0.605400103252995 0.66075566474917 0.661417322834646 0.628996381325591 0.4 0.630757812388663
0.605400103252995 0.329192291191883 0.338582677165354 0.8277331449521 0.2 0.473596928560809
0.611071727075048 0.594716749782901 0.346456692913386 0.708857586651151 0.4 0.480576344216066
0.611071727075048 0.439052681392566 0.480314960629921 0.21308856566953 0.6 0.549211575648576
0.611071727075048 0.594716749782901 0.362204724409449 0.681412524146822 0.6 0.489016479402243
0.611071727075048 0.496229480213374 0.283464566929134 0.428046476643157 0.6 0.445544002540798
0.611071727075048 0.638133366242849 0.818897637795276 0.185922189608235 0.8 0.702521837054025
0.611071727075048 0.298775971422096 0.377952755905512 0.796571309756421 0.6 0.497346160021512
0.616632973132332 0.594716749782901 0.590551181102362 0.319693745911704 0.6 0.604613166545227
0.616632973132332 0.607674115828091 0.267716535433071 0.796571309756421 0.4 0.438960592065858
0.616632973132332 0.406341050917179 0.488188976377953 0.737173888967812 0.4 0.555924178436832
0.616632973132332 0.343386357141337 0.417322834645669 0.708857586651151 0.4 0.520501345047708
0.616632973132332 0.406341050917179 0.488188976377953 0.737173888967812 0.4 0.555924178436832
0.616632973132332 0.314344498571024 0.31496062992126 0.319693745911704 0.4 0.465954894839758
0.616632973132332 0.160777495819646 0.566929133858268 0.737173888967812 0.4 0.593601042010357
0.616632973132332 0.329192291191883 0.393700787401575 0.51093120385749 0.6 0.508310541285362
0.616632973132332 0.417606134735786 0.440944881889764 0.51093120385749 0.6 0.532490202913701
0.622086884574933 0.792657065552843 0.322834645669291 0.766398701648928 0.4 0.472904664932592
0.622086884574933 0.428501784693639 0.52755905511811 0.533175674093379 0.6 0.577810834796825
0.622086884574933 0.567274244825443 0.598425196850394 0.353882678081622 0.4 0.611188902900236
0.622086884574933 0.184667583968617 0.480314960629921 0.271660198880265 1 0.554858954149589
0.622086884574933 0.496229480213374 0.488188976377953 0.428046476643157 0.6 0.558727391716706
0.627436391877161 0.784928646437761 0.622047244094488 0.681412524146822 0.4 0.624964369526251
0.627436391877161 0.428501784693639 0.228346456692913 0.654803322708852 0.6 0.420070113467187
0.627436391877161 0.227505353741453 0.354330708661417 0.708857586651151 0.4 0.492688133077317
0.627436391877161 0.756541347547896 0.433070866141732 0.737173888967812 0.6 0.533924833922516
0.627436391877161 0.298775971422096 0.456692913385827 0 0.6 0.545848319063254
0.627436391877161 0.428501784693639 0.52755905511811 0.533175674093379 0.6 0.580601696058285
0.632684318103223 0.912878562436909 0.31496062992126 0.737173888967812 0.4 0.47349681763357
0.632684318103223 0.781003585770755 0.795275590551181 0.489319258581996 0.2 0.704873067636662
0.632684318103223 0.10646689010516 0.503937007874016 0.287257917047627 0.8 0.571880353229746
0.632684318103223 0.706991714150705 0.440944881889764 0.766398701648928 0.4 0.540550543506486
0.632684318103223 0.184667583968617 0.645669291338583 0.428046476643157 0.4 0.638617250430807
0.632684318103223 0.394679049860455 0.488188976377953 0.579663133904375 0.6 0.564159311353127
0.632684318103223 0.282408617443062 0.377952755905512 0.353882678081622 0.4 0.507874129812628
0.632684318103223 0.227505353741453 0.606299212598425 0.38995336427727 0.6 0.620525744024464
0.632684318103223 0.638133366242849 0.574803149606299 0.408737819242607 0.6 0.60582040734752
0.632684318103223 0.134846319931505 0.307086614173228 0.24163615389195 0.8 0.469055927331297
0.637833383875873 0.356984637361153 0.496062992125984 0.533175674093379 0.4 0.570669830111309
0.637833383875873 0.57433909996003 0.677165354330709 0.533175674093379 0.6 0.655707992489877
0.637833383875873 0.5296222296829 0.47244094488189 0.8277331449521 0.4 0.55898047732366
0.637833383875873 0.87480869504775 0.417322834645669 0.766398701648928 0.4 0.531018491247222
0.637833383875873 0.57433909996003 0.354330708661417 0.603959770592636 0.6 0.497672148479215
0.642886212067644 0.682037442274625 0.677165354330709 0.628996381325591 0.4 0.658481321585783
0.642886212067644 0.545177051002285 0.220472440944882 0.628996381325591 0.8 0.421944085012168
0.642886212067644 0.692225933704447 0.330708661417323 0.654803322708852 0.4 0.487094757587682
0.642886212067644 0.343386357141337 0.37007874015748 0.556077595392986 0.6 0.508603165952248
0.642886212067644 0.459207091976074 0.322834645669291 0.38995336427727 0.4 0.482700040616753
0.647845332232778 0.10646689010516 0.330708661417323 0.654803322708852 0.6 0.489431945098099
0.647845332232778 0.184667583968617 0.488188976377953 0.319693745911704 0.6 0.571896848735259
0.647845332232778 0.803958327411657 0.409448818897638 0.654803322708852 0.6 0.531860441204689
0.647845332232778 0.687167508427955 0.543307086614173 0.353882678081622 0.6 0.598808223764195
0.652713184796598 0.632246756970788 0.322834645669291 0.628996381325591 0.6 0.487307251752796
0.652713184796598 0.394679049860455 0.417322834645669 0.766398701648928 0.6 0.538357620132953
0.652713184796598 0.459207091976074 0.598425196850394 0.556077595392986 0.6 0.627547617416806
0.652713184796598 0.314344498571024 0.338582677165354 0.353882678081622 0.8 0.49610573932571
0.65749212501788 0.750164906299361 0.362204724409449 0.737173888967812 0.4 0.511354423985449
0.65749212501788 0.666195116334673 0.15748031496063 0.556077595392986 0.4 0.38584912636572
0.662184426738581 0.417606134735786 0.251968503937008 0.336561300228931 0.6 0.450104476562433
0.662184426738581 0.868601991466656 0.409448818897638 0.766398701648928 0.4 0.538884573453736
0.666792285934294 0.725792866742076 0.511811023622047 0.25645735016008 0.6 0.59324414913688
0.666792285934294 0.478223460369541 0.661417322834646 0.160049339207049 0.6 0.664326947837692
0.666792285934294 0.184667583968617 0.488188976377953 0.319693745911704 0.6 0.581512972118986
0.671317824077806 0.370037582522328 0.440944881889764 0.353882678081622 0.4 0.559780668346098
0.671317824077806 0.227505353741453 0.433070866141732 0.681412524146822 0.2 0.555705012935603
0.671317824077806 0.842713740392177 0.409448818897638 0.796571309756421 0.4 0.543342785178543
0.671317824077806 0.356984637361153 0.204724409448819 0.796571309756421 0.6 0.424125671830842
0.675763091327277 0.692225933704447 0.456692913385827 0.51093120385749 0.6 0.570081676198116
0.675763091327277 0.478223460369541 0.417322834645669 0.681412524146822 0.4 0.549660396401955
0.675763091327277 0.71178349253875 0 0.766398701648928 0.2 0.198391534963946
0.675763091327277 0.417606134735786 0.456692913385827 0.0576008636188398 0.8 0.570081676198116
0.675763091327277 0.314344498571024 0.385826771653543 0.287257917047627 0.8 0.532904002200596
0.675763091327277 0.607674115828091 0.330708661417323 0.8277331449521 0.6 0.502527587263347
0.684420675189816 0.697214797954968 0.338582677165354 0.428046476643157 0.6 0.511016454567875
0.684420675189816 0.439052681392566 0.110236220472441 0.654803322708852 1 0.360451479987058
0.684420675189816 0.370037582522328 0.299212598425197 0.8277331449521 0.4 0.488426817811857
0.68863676199309 0.298775971422096 0.236220472440945 0.766398701648928 0.4 0.452008370161661
0.68863676199309 0.756541347547896 0.433070866141732 0.8277331449521 0.4 0.564220778092788
0.68863676199309 0.671553579639991 0.37007874015748 0.737173888967812 0.4 0.530503787797555
0.692780123592479 0.329192291191883 0.582677165354331 0.708857586651151 0.4 0.641152467830193
0.700855559772835 0.655232596540572 0.346456692913386 0.579663133904375 0.6 0.523143121166546
0.700855559772835 0.66075566474917 0.464566929133858 0.227183941484498 0.6 0.58658667287519
0.700855559772835 0.855877726385783 0.874015748031496 0.111867085385469 0.6 0.777821644472748
0.70479094257601 0.835956575183371 0.409448818897638 0.271660198880265 0.8 0.559580584069061
0.70479094257601 0.620173139080759 0.385826771653543 0.737173888967812 0.4 0.546813858898571
0.70479094257601 0.206828658011353 0.496062992125984 0.447899024123338 0.6 0.604620559536886
0.708660220956156 0.788812843746063 0.598425196850394 0 1 0.656997987277377
0.712464922524519 0.796462170603856 0.62992125984252 0.0408316394988321 0.8 0.674015415595782
0.727066903819577 0.93719841259223 0.456692913385827 0.796571309756421 0.4 0.59542218251003
0.727066903819577 0.93980915064126 0.456692913385827 0.737173888967812 0.4 0.59542218251003
0.730570050809679 0.24689311623375 0.551181102362205 0.447899024123338 0.4 0.645247936175846
0.730570050809679 0.57433909996003 0.566929133858268 0.737173888967812 0.4 0.653022939253144
0.740746361523206 0.298775971422096 0.236220472440945 0.766398701648928 0.4 0.474745171905627
0.744031415812396 0.655232596540572 0.535433070866142 0.468316082350333 0.4 0.644208451016353
0.747264856641292 0.760732043226694 0.590551181102362 0.0375515644561815 0.6 0.673177086590581
0.750447781789762 0.428501784693639 0.401574803149606 0.556077595392986 0.6 0.577175972440653
0.750447781789762 0.8957739235772 0.488188976377953 0.408737819242607 0.4 0.623317574154231
0.756666322346685 0.697214797954968 0.204724409448819 0.8277331449521 0.4 0.460532980567684
0.774214614911894 0.394679049860455 0.748031496062992 0.489319258581996 0.4 0.762162432558919
0.774214614911894 0.655232596540572 0.346456692913386 0.579663133904375 0.6 0.55716561926872
0.787676436676332 0.671553579639991 0.433070866141732 0.796571309756421 0.4 0.612139931737104
0.809572761176641 0.607674115828091 0.283464566929134 0.51093120385749 0.4 0.535026484694622
0.822699988947875 0.560063374818647 0.456692913385827 0.489319258581996 0.6 0.641732984558294
0.822699988947875 0.513332189939335 0.244094488188976 0.603959770592636 0.4 0.515263836195172
0.832844278614067 0.428501784693639 0.31496062992126 0.556077595392986 0.4 0.564913781793187
0.832844278614067 0.626261207129335 0.52755905511811 0.681412524146822 0.4 0.68435878618915
0.84048329957292 0.829076667768906 0.559055118110236 0.737173888967812 0.4 0.704444910103711
0.849482333461425 0.581264045057132 0.362204724409449 0.556077595392986 0.6 0.600831864709377
0.849482333461425 0.521573675631318 0.393700787401575 0.428046476643157 0.4 0.619168075415398
0.849482333461425 0.521573675631318 0.448818897637795 0.766398701648928 0.4 0.650179375868032
0.857916311557282 0.560063374818647 0.433070866141732 0.893201821221105 0.4 0.645414407132048
0.857916311557282 0.814929117139263 0.62992125984252 0.603959770592636 0.4 0.749093768828875
0.862724075557168 0.632246756970788 0.409448818897638 0.654803322708852 0.4 0.63432110910654
0.868858009193304 0.160777495819646 0.511811023622047 0.603959770592636 0.4 0.693611110716869
0.890583110032082 0.692225933704447 0.433070866141732 0.8277331449521 0.4 0.660712679292039
0.951668796685398 0.459207091976074 0.417322834645669 0.796571309756421 0.6 0.679890905816874
0.953286284983232 0.406341050917179 0.488188976377953 0.24163615389195 0.6 0.721054730572934
0.979908230657589 0.702136090254363 0.551181102362205 0.556077595392986 0.8 0.768273685415607
0.984268917281664 0.784928646437761 0.622047244094488 0.681412524146822 0.4 0.808039540772123
0.986046218726164 0.504887741382321 0.68503937007874 0.654803322708852 0.4 0.841348924789701
0.992600638391381 0.265150643984223 0.37007874015748 0.160049339207049 1 0.670017369164484
0.992714810324821 0.382589399856874 0.519685039370079 0.353882678081622 0.6 0.757150894114236
0.992827647078142 0.682037442274625 0.204724409448819 0.737173888967812 0.4 0.558293021120076
0.993581135098978 0.513332189939335 0.346456692913386 0.371674306920417 0.8 0.655728055037788
0.996950773006904 0.692225933704447 0.425196850393701 0.447899024123338 0.4 0.705202410603931
0.997127192429748 0.343386357141337 0.503937007874016 0.336561300228931 0.6 0.750475209733044
1 0.428501784693639 0.551181102362205 0.185922189608235 0.6 0.777894055539007
1 0.868601991466656 0.440944881889764 0.556077595392986 0.4 0.715838309435951
