0 0.560063374818647 0.220472440944882 0.737173888967812 0.4 0.172901343420861
0 0.93457008048021 0.503937007874016 0.654803322708852 0.4 0.395203070676253
0.0670357061168292 0.298775971422096 0.511811023622047 0.123490309538899 0.6 0.403527469925068
0.0670357061168292 0.487345645735654 0.511811023622047 0.468316082350333 0.6 0.403527469925068
0.10763842335381 0.160777495819646 0.763779527559055 0.123490309538899 0.8 0.602691491764264
0.126850150572236 0.0750933502543975 0.488188976377953 0.123490309538899 0.8 0.390859468249532
0.14538815668388 0.406341050917179 0.251968503937008 0.859927927803864 0.6 0.217218779963586
0.14538815668388 0.0750933502543975 0.31496062992126 0.628996381325591 0.6 0.262959273797028
0.14538815668388 0.428501784693639 0.637795275590551 0.408737819242607 0.6 0.508248511976015
0.163288310686206 0.459207091976074 0.291338582677165 0.603959770592636 0.4 0.249932848760208
0.163288310686206 0.687167508427955 0.283464566929134 0.708857586651151 0.4 0.244300736815247
0.180583884149858 0.428501784693639 0.480314960629921 0.468316082350333 0.6 0.392989462709611
0.197305788339802 0.370037582522328 0.62992125984252 0.38995336427727 0.6 0.508946914446727
0.197305788339802 0.134846319931505 0.417322834645669 0.199338374968847 0.8 0.349424898245772
0.213482785348537 0.692225933704447 0.425196850393701 0.708857586651151 0.4 0.358798171391474
0.229141676548975 0.417606134735786 0.31496062992126 0.336561300228931 0.8 0.284997817727997
0.229141676548975 0.428501784693639 0.677165354330709 0.556077595392986 0.4 0.549756576141953
0.229141676548975 0.57433909996003 0.448818897637795 0.447899024123338 0.6 0.379607868522892
0.229141676548975 0.24689311623375 0.188976377952756 0.8277331449521 0.6 0.205371344986918
0.229141676548975 0.781003585770755 0.606299212598425 0.737173888967812 0.4 0.496279958158778
0.244307471197245 0.417606134735786 0.251968503937008 0.319693745911704 0.6 0.249047048090374
0.25900353761506 0.552699968949713 0.448818897637795 0.893201821221105 0.4 0.386928910102207
0.25900353761506 0.10646689010516 0.503937007874016 0.408737819242607 0.2 0.426627616001441
0.25900353761506 0.852629193927041 0.440944881889764 0.628996381325591 0.4 0.381320277313031
0.25900353761506 0.0750933502543975 0.417322834645669 0.38995336427727 0.4 0.364604231670812
0.273251739043858 0.468849007765316 0.661417322834646 0.654803322708852 0.4 0.545709725061095
0.273251739043858 0.206828658011353 0.590551181102362 0.8277331449521 0.4 0.493186913569996
0.287072555977729 0.822069214111767 0.456692913385827 0.8277331449521 0.4 0.400000000000044
0.300485196540257 0.24689311623375 0.275590551181102 0.25645735016008 0.8 0.285431691415591
0.300485196540257 0.796462170603856 0.62992125984252 0.0375515644561815 0.8 0.528015436582462
0.300485196540257 0.692225933704447 0.464566929133858 0.489319258581996 0.6 0.409261868795618
0.300485196540257 0.730346031075707 0.456692913385827 0.8277331449521 0.4 0.403774596522738
0.300485196540257 0.702136090254363 0.464566929133858 0.336561300228931 0.4 0.409261868795618
0.313507696264702 0.706991714150705 0.566929133858268 0.737173888967812 0.4 0.485294700800872
0.326157008461307 0.406341050917179 0.346456692913386 0.737173888967812 0.4 0.338785715064769
0.326157008461307 0.898677830527398 0.401574803149606 0.766398701648928 0.4 0.374343452461251
0.326157008461307 0.370037582522328 0.425196850393701 0.579663133904375 0.6 0.390056859865161
0.326157008461307 0.428501784693639 0.362204724409449 0.428046476643157 0.8 0.348768375702818
0.326157008461307 0.428501784693639 0.346456692913386 0.353882678081622 0.4 0.338785715064769
0.326157008461307 0.356984637361153 0.464566929133858 0.408737819242607 0.6 0.416759513198974
0.338449086205283 0.160777495819646 0.385826771653543 0.227183941484498 0.6 0.368309437264059
0.338449086205283 0.206828658011353 0.440944881889764 0.21308856566953 0.8 0.404571732174544
0.338449086205283 0 0.307086614173228 0.51093120385749 0.4 0.319525226134856
0.350398956850022 0.560063374818647 0.251968503937008 0.603959770592636 0.6 0.293792761683109
0.350398956850022 0.868601991466656 0.299212598425197 0.796571309756421 0.4 0.319889509342006
0.350398956850022 0.796462170603856 0.377952755905512 0.603959770592636 0.4 0.367589642505566
0.350398956850022 0.382589399856874 0.110236220472441 0.681412524146822 0.4 0.233969097721447
0.362020789859073 0.184667583968617 0.614173228346457 0.199338374968847 0.4 0.531456160163991
0.362020789859073 0.459207091976074 0.354330708661417 0.579663133904375 0.6 0.357310842479692
0.362020789859073 0.343386357141337 0.52755905511811 0.24163615389195 0.8 0.470772087308722
0.373327958654647 0.822069214111767 0.78740157480315 0.303264298797106 0.4 0.659521424456372
0.373327958654647 0.560063374818647 0.52755905511811 0.25645735016008 0.6 0.474159645495285
0.373327958654647 0.356984637361153 0.425196850393701 0.737173888967812 0.4 0.406013502503308
0.373327958654647 0.24689311623375 0.15748031496063 0.8277331449521 0.6 0.262504896844046
0.373327958654647 0.552699968949713 0.47244094488189 0.111867085385469 0.8 0.436953907199668
0.384333097097484 0.71178349253875 0.409448818897638 0.556077595392986 0.6 0.399966481170657
0.384333097097484 0.227505353741453 0.440944881889764 0.654803322708852 0.6 0.420054606021981
0.384333097097484 0.134846319931505 0.220472440944882 0.408737819242607 0.8 0.294552624109964
0.384333097097484 0.298775971422096 0.362204724409449 0.766398701648928 0.4 0.370880075148941
0.384333097097484 0.487345645735654 0.425196850393701 0.336561300228931 0.8 0.409947562719883
0.384333097097484 0.781003585770755 0.52755905511811 0.893201821221105 0.4 0.477532626509627
0.384333097097484 0.24689311623375 0.220472440944882 0.227183941484498 0.6 0.294552624109964
0.384333097097484 0.382589399856874 0.322834645669291 0.38995336427727 0.8 0.347800158869428
0.384333097097484 0.852629193927041 0.440944881889764 0.628996381325591 0.4 0.420054606021981
0.395048151141103 0.504887741382321 0.385826771653543 0.796571309756421 0.2 0.389402685677534
0.395048151141103 0.184667583968617 0.62992125984252 0.408737819242607 0.4 0.551471840244605
0.395048151141103 0.496229480213374 0.440944881889764 0.893201821221105 0.6 0.423864243018704
0.395048151141103 0.134846319931505 0.299212598425197 0.859927927803864 0.6 0.339327093555071
0.395048151141103 0.855877726385783 0.488188976377953 0.38995336427727 0.4 0.454596302814922
0.395048151141103 0.862292879864541 0.322834645669291 0.654803322708852 0.4 0.352391791872537
0.395048151141103 0.552699968949713 0.354330708661417 0.737173888967812 0.4 0.370536251688357
0.405484426140896 0.382589399856874 0.582677165354331 0.893201821221105 0.4 0.52163618006925
0.405484426140896 0.314344498571024 0.448818897637795 0.489319258581996 0.8 0.432650069779702
0.405484426140896 0.370037582522328 0.409448818897638 0.708857586651151 0.6 0.407927161779333
0.405484426140896 0.588054803744782 0.354330708661417 0.737173888967812 0.4 0.374851267308814
0.405484426140896 0.298775971422096 0.275590551181102 0.603959770592636 0.6 0.331675290857694
0.405484426140896 0.487345645735654 0.433070866141732 0.287257917047627 0.8 0.422663802743841
0.415652630244142 0.417606134735786 0.551181102362205 0.766398701648928 0.4 0.503343940751295
0.415652630244142 0.382589399856874 0.551181102362205 0.24163615389195 0.6 0.503343940751295
0.415652630244142 0.706991714150705 0.566929133858268 0.737173888967812 0.4 0.513988704617476
0.415652630244142 0.449281074030838 0.47244094488189 0.489319258581996 0.4 0.45142501025101
0.415652630244142 0.682037442274625 0.740157480314961 0 0.6 0.635168949930241
0.425562914239401 0.206828658011353 0.488188976377953 0.737173888967812 0.4 0.465078517248471
0.425562914239401 0.298775971422096 0.559055118110236 0.199338374968847 0.6 0.511801811846761
0.425562914239401 0.206828658011353 0.385826771653543 0.603959770592636 1 0.401590189479171
0.425562914239401 0.632246756970788 0.496062992125984 0.51093120385749 0.6 0.470174892353253
0.425562914239401 0.513332189939335 0.496062992125984 0.489319258581996 0.4 0.470174892353253
0.425562914239401 0.697214797954968 0.519685039370079 0.737173888967812 0.4 0.485614261106517
0.425562914239401 0.730346031075707 0.338582677165354 0.556077595392986 0.6 0.374467953502098
0.425562914239401 0.10646689010516 0.598425196850394 0.408737819242607 0 0.538486341058499
0.425562914239401 0.792657065552843 0.440944881889764 0.654803322708852 0.4 0.435087491411623
0.425562914239401 0.439052681392566 0.535433070866142 0.271660198880265 0.8 0.496024572871735
0.435224908202184 0.955117565483606 0.401574803149606 0.628996381325591 0.4 0.414852729887566
0.435224908202184 0.626261207129335 0.31496062992126 0.766398701648928 0.4 0.365969177296065
0.435224908202184 0.282408617443062 0.362204724409449 0.0894140954584182 1 0.391930028174595
0.435224908202184 0.788812843746063 0.464566929133858 0.489319258581996 0.4 0.453495599688026
0.435224908202184 0.697214797954968 0.511811023622047 0.766398701648928 0.4 0.483764286395003
0.435224908202184 0.581264045057132 1 0.160049339207049 0.6 0.829422629585841
0.435224908202184 0.748014728836851 0.322834645669291 0.408737819242607 0.6 0.37016491912667
0.435224908202184 0.972253242007213 0.330708661417323 0.336561300228931 0.6 0.374415489007124
0.435224908202184 0.923875682984825 0.267716535433071 0.893201821221105 0.4 0.342057273186747
0.435224908202184 0.356984637361153 0.511811023622047 0.468316082350333 0.4 0.483764286395003
0.435224908202184 0.184667583968617 0.637795275590551 0.616383717667685 0 0.568420978659947
0.444647755237264 0.643924425452699 0.236220472440945 0.8277331449521 0.6 0.332315260641039
0.444647755237264 0.160777495819646 0.385826771653543 0.0785683815432723 0.6 0.409473308034552
0.444647755237264 0.581264045057132 0.503937007874016 0.25645735016008 0.6 0.481975936883458
0.444647755237264 0.57433909996003 0.251968503937008 0.766398701648928 0.4 0.339354834105443
0.444647755237264 0.184667583968617 0.47244094488189 0.681412524146822 0.2 0.461939086711056
0.444647755237264 0.504887741382321 0.503937007874016 0.533175674093379 0.6 0.481975936883458
0.444647755237264 0.298775971422096 0.409448818897638 0.628996381325591 0.6 0.423346369902303
0.444647755237264 0.521573675631318 0.425196850393701 0.681412524146822 0.4 0.432788593922474
0.444647755237264 0.682037442274625 0.653543307086614 0.628996381325591 0.4 0.582066400287002
0.444647755237264 0.666195116334673 0.433070866141732 0.408737819242607 0.6 0.437564017878527
0.444647755237264 0.449281074030838 0.385826771653543 0.681412524146822 0.8 0.409473308034552
0.444647755237264 0.227505353741453 0.700787401574803 0.447899024123338 0 0.614941225526007
0.453840142585926 0.134846319931505 0.362204724409449 0.556077595392986 0.8 0.399975813943008
0.453840142585926 0.721182427964643 0.417322834645669 0.38995336427727 0.6 0.431747131431519
0.453840142585926 0.588054803744782 0.440944881889764 0.708857586651151 0.2 0.445953465775488
0.453840142585926 0.687167508427955 0.330708661417323 0.766398701648928 0.4 0.382829548445358
0.453840142585926 0.439052681392566 0.456692913385827 0.654803322708852 0 0.455596763857968
0.453840142585926 0.314344498571024 0.299212598425197 0.796571309756421 0.6 0.366546686723371
0.453840142585926 0.773027169238684 0.425196850393701 0.708857586651151 0.4 0.436446589833005
0.462810330338205 0.227505353741453 0.338582677165354 0.603959770592636 0.6 0.391107578718539
0.462810330338205 0.792657065552843 0.354330708661417 0.8277331449521 0.4 0.399595085579547
0.462810330338205 0.227505353741453 0.559055118110236 0.654803322708852 0.4 0.524099212497649
0.462810330338205 0.282408617443062 0.322834645669291 0.271660198880265 1 0.382830371813948
0.462810330338205 0.382589399856874 0.519685039370079 0.353882678081622 0.6 0.49855802121825
0.462810330338205 0.449281074030838 0.393700787401575 0.796571309756421 0.4 0.4216498081988
0.462810330338205 0.282408617443062 0.267716535433071 0.796571309756421 0.6 0.355724899846924
0.462810330338205 0.620173139080759 0.535433070866142 0.556077595392986 0.6 0.508703515639135
0.462810330338205 0.632246756970788 0.228346456692913 0.556077595392986 0.4 0.338421144203259
0.47156617796527 0.298775971422096 0.330708661417323 0.737173888967812 0.4 0.390990560626123
0.47156617796527 0.343386357141337 0.409448818897638 0.447899024123338 0.6 0.43441565693789
0.47156617796527 0.513332189939335 0.377952755905512 0.603959770592636 0.6 0.416490667331255
0.47156617796527 0.487345645735654 0.511811023622047 0.468316082350333 0.6 0.496703679150409
0.47156617796527 0.134846319931505 0.37007874015748 0.21308856566953 0.8 0.412118927382719
0.47156617796527 0.521573675631318 0.440944881889764 0.708857586651151 0.6 0.452978640747025
0.47156617796527 0.227505353741453 0.37007874015748 0.25645735016008 0.8 0.412118927382719
0.47156617796527 0.496229480213374 0.464566929133858 0.737173888967812 0.4 0.467273922904637
0.47156617796527 0.265150643984223 0.322834645669291 0.38995336427727 1 0.386922120642307
0.47156617796527 0.66075566474917 0.68503937007874 0.303264298797106 0.6 0.611739598487995
0.47156617796527 0.725792866742076 0.551181102362205 0.766398701648928 0.4 0.521970417481378
0.47156617796527 0.227505353741453 0.433070866141732 0.447899024123338 0.6 0.448282370638552
0.47156617796527 0.521573675631318 0.47244094488189 0.796571309756421 0.4 0.472104367608228
0.47156617796527 0.607674115828091 0.503937007874016 0.8277331449521 0.4 0.491727178238104
0.47156617796527 0.818516076707867 0.330708661417323 0.859927927803864 0.4 0.390990560626123
0.47156617796527 0.134846319931505 0.385826771653543 0.371674306920417 0.8 0.420907595650256
0.47156617796527 0.666195116334673 0.330708661417323 0.654803322708852 0.6 0.390990560626123
0.480115168865041 0.468849007765316 0.62992125984252 0.336561300228931 0.4 0.576872707469661
0.480115168865041 0.93457008048021 0.149606299212598 0.654803322708852 0.4 0.320168233680182
0.480115168865041 0.803958327411657 0.551181102362205 0.21308856566953 0.6 0.524962183688584
0.480115168865041 0.417606134735786 0.37007874015748 0.766398701648928 0.6 0.415901656506061
0.480115168865041 0.601254935231677 0.37007874015748 0.603959770592636 0.4 0.415901656506061
0.480115168865041 0.487345645735654 0.661417322834646 0.185922189608235 0.8 0.598160680197317
0.480115168865041 0.343386357141337 0.503937007874016 0.336561300228931 0.6 0.494901803790824
0.480115168865041 0.649623150907283 0.440944881889764 0.893201821221105 0.6 0.456422859364455
0.480115168865041 0.552699968949713 0.511811023622047 0.38995336427727 0.6 0.499846698957746
0.488464433094681 0.370037582522328 0.322834645669291 0.8277331449521 0.4 0.394910398775998
0.488464433094681 0.666195116334673 0.566929133858268 0.628996381325591 0.4 0.538077948003883
0.488464433094681 0.721182427964643 0.614173228346457 0.681412524146822 0.4 0.569074664626922
0.488464433094681 0.71178349253875 0.377952755905512 0.603959770592636 0.6 0.423922129161845
0.488464433094681 0.613978773897172 0.614173228346457 0.353882678081622 0.6 0.569074664626922
0.488464433094681 0.504887741382321 0.52755905511811 0.371674306920417 0.6 0.51286126967534
0.488464433094681 0.567274244825443 0.425196850393701 0.303264298797106 0.6 0.450606565344748
0.488464433094681 0.370037582522328 0.511811023622047 0.876427000666357 0.2 0.50295133015097
0.488464433094681 0.910079831012762 0.551181102362205 0.489319258581996 0.4 0.527919134285509
0.488464433094681 0.0750933502543975 0.464566929133858 0.51093120385749 0.2 0.473909711491299
0.488464433094681 0.406341050917179 0.259842519685039 0.51093120385749 0.2 0.365213009452945
0.496620768446277 0.428501784693639 0.385826771653543 0.336561300228931 0.8 0.431858663936283
0.496620768446277 0.394679049860455 0.275590551181102 0.681412524146822 0.6 0.37637693045898
0.496620768446277 0.706991714150705 0.299212598425197 0.8277331449521 0.4 0.387311670911794
0.496620768446277 0.702136090254363 0.456692913385827 0.428046476643157 0.8 0.472464038964298
0.496620768446277 0.822069214111767 0.456692913385827 0.737173888967812 0.4 0.472464038964298
0.496620768446277 0.298775971422096 0.330708661417323 0.737173888967812 0.4 0.402755906275105
0.496620768446277 0.394679049860455 0.456692913385827 1 0.6 0.472464038964298
0.496620768446277 0.725792866742076 0.637795275590551 0.737173888967812 0.4 0.587475761722788
0.496620768446277 0.382589399856874 0.645669291338583 0.371674306920417 0.6 0.592742067911422
0.496620768446277 0.898677830527398 0.433070866141732 0.796571309756421 0.4 0.458580184227439
0.496620768446277 0.449281074030838 0.519685039370079 0.654803322708852 0.4 0.510928993032244
0.496620768446277 0.829076667768906 0.330708661417323 0.718197749117435 0.6 0.402755906275105
0.496620768446277 0.439052681392566 0.52755905511811 0.371674306920417 0.2 0.515868091525998
0.504590660006671 0.588054803744782 0.354330708661417 0.737173888967812 0.4 0.418612644745738
0.504590660006671 0.904420889298012 0.409448818897638 0.737173888967812 0.4 0.448472566669735
0.504590660006671 0.904420889298012 0.456692913385827 0.766398701648928 0.4 0.475703948518685
0.504590660006671 0.496229480213374 0.283464566929134 0.893201821221105 0.6 0.383977719079324
0.504590660006671 0.184667583968617 0.47244094488189 0.8277331449521 0.4 0.485070318590332
0.504590660006671 0.957611771908614 0.377952755905512 0.766398701648928 0.4 0.431132411257372
0.504590660006671 0.777036743433552 0.251968503937008 0.579663133904375 0.4 0.370225873726586
0.504590660006671 0.784928646437761 0.606299212598425 0.681412524146822 0.4 0.569298532971905
0.504590660006671 0.282408617443062 0.440944881889764 0.766398701648928 0.4 0.466476504269597
0.504590660006671 0.620173139080759 0.448818897637795 0.428046476643157 0.4 0.471072347541626
0.504590660006671 0.921155483818884 0.535433070866142 0.489319258581996 0.4 0.523774360526851
0.504590660006671 0.356984637361153 0.377952755905512 0.708857586651151 0.4 0.431132411257372
0.504590660006671 0.676833558957036 0.692913385826772 0.38995336427727 0.4 0.627143507892345
0.504590660006671 0.803958327411657 0.433070866141732 0.579663133904375 0.4 0.461917486016584
0.51238029832872 0.343386357141337 0.31496062992126 0.408737819242607 0.6 0.402592275013407
0.51238029832872 0.846047721315057 0.440944881889764 0.489319258581996 0.8 0.469734063117045
0.51238029832872 0.702136090254363 0.362204724409449 0.654803322708852 0.4 0.426328802867752
0.51238029832872 0.329192291191883 0.425196850393701 0.371674306920417 0.4 0.460718159173414
0.51238029832872 0.343386357141337 0.433070866141732 0.603959770592636 0.4 0.465206969965785
0.51238029832872 0.57433909996003 0.503937007874016 0.38995336427727 0.4 0.507204158990671
0.51238029832872 0.382589399856874 0.559055118110236 0.353882678081622 0.8 0.541562609011384
0.51238029832872 0.960090219785983 0.362204724409449 0.737173888967812 0.4 0.426328802867752
0.51238029832872 0.394679049860455 0.488188976377953 0.172829278785614 0.8 0.497641429219499
0.51238029832872 0.478223460369541 0.488188976377953 0.489319258581996 0.8 0.497641429219499
0.51238029832872 0.356984637361153 0.519685039370079 0.353882678081622 0.6 0.516885069874936
0.51238029832872 0.588054803744782 0.417322834645669 0.38995336427727 0.6 0.456268760616618
0.51238029832872 0.811307648457311 0.582677165354331 0.654803322708852 0.4 0.556666093014566
0.51238029832872 0.594716749782901 0.377952755905512 0.533175674093379 0.6 0.434654940215179
0.51238029832872 0.66075566474917 0.425196850393701 0.708857586651151 0.4 0.460718159173414
0.51238029832872 0.406341050917179 0.519685039370079 0.160049339207049 0.8 0.516885069874936
0.51238029832872 0.537487145739597 0.535433070866142 0.38995336427727 0.6 0.526677645018446
0.51238029832872 0.382589399856874 0.346456692913386 0.408737819242607 0.8 0.418201660680844
0.51238029832872 0.807650962187351 0.440944881889764 0.579663133904375 0.4 0.469734063117045
0.51238029832872 1 0.464566929133858 0.533175674093379 0.6 0.483534238814703
0.519995596329089 0.567274244825443 0.559055118110236 0.489319258581996 0.4 0.544349820467447
0.519995596329089 0.134846319931505 0.464566929133858 0.408737819242607 0.6 0.486653909539253
0.519995596329089 0.792657065552843 0.622047244094488 0.737173888967812 0.4 0.584871086735508
0.519995596329089 0.649623150907283 0.511811023622047 0.8277331449521 0.4 0.514977333020302
0.519995596329089 0.560063374818647 0.236220472440945 0.319693745911704 0.8 0.372042141674022
0.519995596329089 0.552699968949713 0.511811023622047 0.408737819242607 0.6 0.514977333020302
0.519995596329089 0.160777495819646 0.551181102362205 0.199338374968847 0.6 0.539388751615043
0.519995596329089 0.356984637361153 0.47244094488189 0.681412524146822 0.4 0.491293845430529
0.519995596329089 0.756541347547896 0.52755905511811 0.737173888967812 0.6 0.524660170926929
0.519995596329089 0.901560039281263 0.47244094488189 0.489319258581996 0.4 0.491293845430529
0.519995596329089 0.459207091976074 0.511811023622047 0.708857586651151 0.4 0.514977333020302
0.519995596329089 0.655232596540572 0.535433070866142 0.468316082350333 0.4 0.529543208176539
0.519995596329089 0.265150643984223 0.543307086614173 0.603959770592636 0.4 0.534452978408597
0.519995596329089 0.71178349253875 0.267716535433071 0.796571309756421 0.4 0.384937588283334
0.519995596329089 0.449281074030838 0.362204724409449 0.654803322708852 0.6 0.429863833926949
0.519995596329089 0.588054803744782 0.503937007874016 0.489319258581996 0.8 0.510179112137256
0.519995596329089 0.57433909996003 0.228346456692913 0.8277331449521 0.4 0.369006251093567
0.527442205016792 0.777036743433552 0.354330708661417 0.737173888967812 0.4 0.429320133728104
0.527442205016792 0.748014728836851 0.307086614173228 0.859927927803864 0.6 0.406322093394759
0.527442205016792 0.417606134735786 0.488188976377953 0.708857586651151 0.6 0.503663044050341
0.527442205016792 0.265150643984223 0.543307086614173 0.303264298797106 0.6 0.537254863572706
0.527442205016792 0.842713740392177 0.417322834645669 0.737173888967812 0.4 0.462828966013424
0.527442205016792 0.748014728836851 0.307086614173228 0.859927927803864 0.6 0.406322093394759
0.527442205016792 0.394679049860455 0.425196850393701 0.172829278785614 0.6 0.467215894484092
0.527442205016792 0.792657065552843 0.409448818897638 0.579663133904375 0.4 0.458483231905634
0.527442205016792 0.521573675631318 0.519685039370079 0.737173888967812 0.4 0.522685034534229
0.527442205016792 0.649623150907283 0.496062992125984 0.533175674093379 0.4 0.508372761008508
0.527442205016792 0.417606134735786 0.37007874015748 0.766398701648928 0.6 0.437415044612024
0.527442205016792 0.626261207129335 0.456692913385827 0.796571309756421 0.4 0.485153045460464
0.527442205016792 0.496229480213374 0.551181102362205 0.603959770592636 0.6 0.542165129523783
0.527442205016792 0.329192291191883 0.433070866141732 0.579663133904375 0.4 0.471642867826046
0.534725528146963 0.24689311623375 0.488188976377953 0.859927927803864 0.4 0.506611016661221
0.534725528146963 0.459207091976074 0.606299212598425 0.319693745911704 0.2 0.579791609794173
0.534725528146963 0.537487145739597 0.433070866141732 0.737173888967812 0.4 0.47478969558283
0.534725528146963 0.370037582522328 0.68503937007874 0.628996381325591 0.6 0.631421814292609
0.534725528146963 0.513332189939335 0.456692913385827 0.38995336427727 0.6 0.488212799688847
0.534725528146963 0.904420889298012 0.377952755905512 0.681412524146822 0.4 0.444896220685623
0.534725528146963 0.607674115828091 0.496062992125984 0.628996381325591 0.6 0.511293579458879
0.534725528146963 0.343386357141337 0.401574803149606 0.428046476643157 0.8 0.457446848050971
0.534725528146963 0.406341050917179 0.732283464566929 0.287257917047627 0.6 0.66323089683396
0.534725528146963 0.513332189939335 0.401574803149606 0.737173888967812 0.4 0.457446848050971
0.534725528146963 0.57433909996003 0.448818897637795 0.737173888967812 0.6 0.483700990036338
0.534725528146963 0.682037442274625 0.740157480314961 0 0.6 0.668584893784209
0.534725528146963 0.752302634912051 0.740157480314961 0.319693745911704 0.4 0.668584893784209
0.534725528146963 0.487345645735654 0.606299212598425 0.766398701648928 0.4 0.579791609794173
0.541850735885643 0.666195116334673 0.283464566929134 0.8277331449521 0.4 0.403050255003153
0.541850735885643 0.10646689010516 0.330708661417323 0.654803322708852 0.6 0.424611490506366
0.541850735885643 0.588054803744782 0.409448818897638 0.708857586651151 0.4 0.464906724369616
0.541850735885643 0.329192291191883 0.433070866141732 0.579663133904375 0.4 0.477889509402151
0.541850735885643 0.655232596540572 0.464566929133858 0.654803322708852 0.4 0.495748140085262
0.541850735885643 0.706991714150705 0.488188976377953 0.353882678081622 0.4 0.509517271903031
0.541850735885643 0.184667583968617 0.645669291338583 0.428046476643157 0.4 0.607804044822396
0.541850735885643 0 0.417322834645669 0.24163615389195 0.6 0.469192966919269
0.541850735885643 0.581264045057132 0.574803149606299 0.38995336427727 0.4 0.562345719664153
0.541850735885643 0.777036743433552 0.456692913385827 0.708857586651151 0.2 0.491227916496013
0.541850735885643 0.382589399856874 0.440944881889764 0.0679663869261103 0.6 0.482297572401448
0.541850735885643 0.692225933704447 0.566929133858268 0.737173888967812 0.6 0.557408003064452
0.541850735885643 0.552699968949713 0.62992125984252 0.489319258581996 0.4 0.597554384485029
0.541850735885643 0.655232596540572 0.566929133858268 0.556077595392986 0.4 0.557408003064452
0.541850735885643 0.676833558957036 0.480314960629921 0.603959770592636 0.6 0.504893761705612
0.541850735885643 0.868601991466656 0.440944881889764 0.556077595392986 0.4 0.482297572401448
0.541850735885643 0.206828658011353 0.724409448818898 0.579663133904375 0.2 0.660131862156343
0.541850735885643 0.588054803744782 0.496062992125984 0.51093120385749 0.4 0.514173368194877
0.541850735885643 0.552699968949713 0.393700787401575 0.428046476643157 0.8 0.45646412124561
0.541850735885643 0.955117565483606 0.338582677165354 0.766398701648928 0.4 0.428411100885027
0.541850735885643 0.513332189939335 0.338582677165354 0.737173888967812 0.4 0.428411100885027
0.541850735885643 0.739286405277032 0.480314960629921 0.681412524146822 0.4 0.504893761705612
0.541850735885643 0.792657065552843 0.267716535433071 0.579663133904375 0.6 0.396372473314617
0.541850735885643 0.134846319931505 0.464566929133858 0.408737819242607 0.6 0.495748140085262
0.541850735885643 0.632246756970788 0.519685039370079 0.681412524146822 0.4 0.528328528239295
0.541850735885643 0.807650962187351 0.456692913385827 0.377712296045613 0.6 0.491227916496013
0.548822777563539 0.406341050917179 0.488188976377953 0.737173888967812 0.4 0.512382021103034
0.548822777563539 0.459207091976074 0.385826771653543 0.579663133904375 0.6 0.455534837997611
0.548822777563539 0.811307648457311 0.653543307086614 0.100511056496556 0.8 0.615341281712692
0.548822777563539 0.57433909996003 0.566929133858268 0.135389177602393 1 0.560027827042927
0.548822777563539 0.676833558957036 0.228346456692913 0.893201821221105 0.4 0.384743147120788
0.548822777563539 0.343386357141337 0.338582677165354 0.489319258581996 0.4 0.431814261626041
0.548822777563539 0.962553117840914 0.362204724409449 0.737173888967812 0.4 0.443446266901251
0.548822777563539 0.382589399856874 0.393700787401575 0.468316082350333 0.6 0.459659634040939
0.548822777563539 0.439052681392566 0.440944881889764 0.428046476643157 0.6 0.485323019778016
0.555646393589723 0.626261207129335 0.496062992125984 0.533175674093379 0.6 0.519810678348013
0.555646393589723 0.314344498571024 0.440944881889764 0.708857586651151 0.2 0.488303017713476
0.555646393589723 0.988674423066297 0.52755905511811 0.353882678081622 0.4 0.538545610370179
0.555646393589723 0.370037582522328 0.409448818897638 0.708857586651151 0.6 0.471133899361788
0.555646393589723 0.504887741382321 0.393700787401575 0.353882678081622 0.6 0.462804907869703
0.555646393589723 0.748014728836851 0.574803149606299 0.38995336427727 0.8 0.567504711159609
0.555646393589723 0.57433909996003 0.401574803149606 0.533175674093379 0.4 0.466947144461251
0.555646393589723 0.487345645735654 0.488188976377953 0.489319258581996 0.4 0.515205530959504
0.555646393589723 0.974641379016255 0.299212598425197 0.303264298797106 0.6 0.417039347087058
0.555646393589723 0.394679049860455 0.503937007874016 0.468316082350333 0.6 0.524448096529173
0.555646393589723 0.781003585770755 0.637795275590551 0.654803322708852 0.4 0.607486014000391
0.555646393589723 0.265150643984223 0.354330708661417 0.336561300228931 0.6 0.442804758797289
0.555646393589723 0.394679049860455 0.574803149606299 0.737173888967812 0.6 0.567504711159609
0.555646393589723 0.314344498571024 0.330708661417323 0.654803322708852 0.4 0.431420684058837
0.555646393589723 0.620173139080759 0.354330708661417 0.287257917047627 0.8 0.442804758797289
0.562326126589901 0.702136090254363 0.307086614173228 0.766398701648928 0.4 0.423949136230165
0.562326126589901 0.227505353741453 0.511811023622047 0.766398701648928 0.6 0.531826740919459
0.562326126589901 0.282408617443062 0.307086614173228 0.556077595392986 0.4 0.423949136230165
0.562326126589901 0.5296222296829 0.464566929133858 0.371674306920417 0.6 0.504450251761409
0.562326126589901 0.521573675631318 0.456692913385827 0.319693745911704 0.6 0.500008703973408
0.562326126589901 0.803958327411657 0.433070866141732 0.654803322708852 0.6 0.486910896674926
0.562326126589901 0.24689311623375 0.480314960629921 0.38995336427727 0.8 0.513440891158267
0.562326126589901 0.382589399856874 0.259842519685039 0.8277331449521 0.8 0.404054679628958
0.562326126589901 0.428501784693639 0.393700787401575 0.353882678081622 0.8 0.465900560300886
0.568866331828234 0.24689311623375 0.440944881889764 0.353882678081622 0.6 0.494128494561326
0.568866331828234 0.478223460369541 0.559055118110236 0.185922189608235 0.6 0.56285250160607
0.568866331828234 0.343386357141337 0.188976377952756 0.628996381325591 0.8 0.382814644727027
0.568866331828234 0.918416090569315 0.385826771653543 0.766398701648928 0.4 0.464904855040792
0.568866331828234 0.24689311623375 0.21259842519685 0.25645735016008 0.8 0.390360254767503
0.568866331828234 0.588054803744782 0.606299212598425 0.447899024123338 0.6 0.592168438660676
0.568866331828234 0.743676408267776 0.31496062992126 0.766398701648928 0.4 0.430805546604805
0.568866331828234 0.329192291191883 0.31496062992126 0.371674306920417 0.8 0.430805546604805
0.568866331828234 0.428501784693639 0.346456692913386 0.353882678081622 0.4 0.445427331987172
0.568866331828234 0.666195116334673 0.488188976377953 0.408737819242607 0.4 0.520730132756517
0.568866331828234 0.849352696613204 0.283464566929134 0.8277331449521 0.4 0.417134904858392
0.568866331828234 0.8957739235772 0.409448818897638 0.796571309756421 0.4 0.477169029964434
0.568866331828234 0.449281074030838 0.535433070866142 0.556077595392986 0.6 0.548545550384989
0.568866331828234 0.962553117840914 0.440944881889764 0.737173888967812 0.4 0.494128494561326
0.568866331828234 0.343386357141337 0.52755905511811 0.24163615389195 0.8 0.5438331605174
0.57527118696656 0.626261207129335 0.535433070866142 0.38995336427727 0.6 0.551111040947791
0.57527118696656 0.184667583968617 0.440944881889764 0.319693745911704 0.6 0.496974976980562
0.57527118696656 0.468849007765316 0.614173228346457 0.38995336427727 0.2 0.599495585532516
0.57527118696656 0.66075566474917 0.440944881889764 0.556077595392986 0.4 0.496974976980562
0.581544701210234 0.206828658011353 0.52755905511811 0.38995336427727 0.2 0.54897139484779
0.581544701210234 0.496229480213374 0.283464566929134 0.51093120385749 0.6 0.423812003999419
0.581544701210234 0.282408617443062 0.37007874015748 0.185922189608235 0.6 0.463066319606907
0.581544701210234 0.314344498571024 0.338582677165354 0.51093120385749 0.6 0.447999082630106
0.581544701210234 0.282408617443062 0.614173228346457 0.468316082350333 0.4 0.601821305994039
0.581544701210234 0.329192291191883 0.425196850393701 0.160049339207049 0.6 0.491313735977244
0.587690723885665 0.134846319931505 0.464566929133858 0.123490309538899 0.8 0.515460822522257
0.587690723885665 0.832532257907225 0.330708661417323 0.303264298797106 0.6 0.447469059296129
0.587690723885665 0.796462170603856 0.440944881889764 0.478743015185434 0.6 0.502538147309888
0.587690723885665 0.800228989802756 0.330708661417323 0.766398701648928 0.4 0.447469059296129
0.587690723885665 0.768973879616662 0.480314960629921 0.579663133904375 0.4 0.524262674397642
0.587690723885665 0.206828658011353 0.622047244094488 0.428046476643157 0.6 0.609050096449098
0.587690723885665 0.10646689010516 0.417322834645669 0.185922189608235 0.6 0.489975184436754
0.587690723885665 0.227505353741453 0.551181102362205 0.303264298797106 0.4 0.5655157444796
0.587690723885665 0.734843402611236 0.417322834645669 0.654803322708852 0.6 0.489975184436754
0.587690723885665 0.406341050917179 0.559055118110236 0.737173888967812 0.4 0.570249558464032
0.587690723885665 0.5296222296829 0.582677165354331 0.796571309756421 0.4 0.584612383174791
0.587690723885665 0.487345645735654 0.551181102362205 0.737173888967812 0.4 0.5655157444796
0.593712952490799 0.632246756970788 0.440944881889764 0.603959770592636 0.8 0.505255986106371
0.593712952490799 0.406341050917179 0.377952755905512 0.227183941484498 0.6 0.47281966805256
0.593712952490799 0.417606134735786 0.291338582677165 0.579663133904375 0.6 0.433480968545355
0.593712952490799 0.594716749782901 0.440944881889764 0.303264298797106 0.6 0.505255986106371
0.593712952490799 0.521573675631318 0.21259842519685 0.766398701648928 0.4 0.404353522132587
0.593712952490799 0.504887741382321 0.503937007874016 0.533175674093379 0.6 0.540268063410477
0.593712952490799 0.343386357141337 0.425196850393701 0.654803322708852 0.6 0.496885040664349
0.593712952490799 0.282408617443062 0.354330708661417 0.160049339207049 0.8 0.46143236644362
0.599614940256417 0.567274244825443 0.37007874015748 0.227183941484498 0.6 0.471855275199955
0.599614940256417 0.449281074030838 0.433070866141732 0.353882678081622 0.6 0.503748423572981
0.599614940256417 0.417606134735786 0.322834645669291 0.353882678081622 0.6 0.450015686248028
0.599614940256417 0.702136090254363 0.480314960629921 0.766398701648928 0.2 0.529435361177244
0.599614940256417 0.849352696613204 0.425196850393701 0.628996381325591 0.4 0.499606016316513
0.599614940256417 0.93719841259223 0.393700787401575 0.766398701648928 0.4 0.483470355906298
0.599614940256417 0.282408617443062 0.417322834645669 0.428046476643157 0.6 0.49550593463867
0.605400103252995 0.428501784693639 0.362204724409449 0.428046476643157 0.8 0.470940531730787
0.605400103252995 0.66075566474917 0.661417322834646 0.628996381325591 0.4 0.640432040975751
0.605400103252995 0.329192291191883 0.338582677165354 0.8277331449521 0.2 0.460004292742866
0.611071727075048 0.594716749782901 0.346456692913386 0.708857586651151 0.4 0.4664520296361
0.611071727075048 0.439052681392566 0.480314960629921 0.21308856566953 0.6 0.534454599823766
0.611071727075048 0.594716749782901 0.362204724409449 0.681412524146822 0.6 0.473752166338131
0.611071727075048 0.496229480213374 0.283464566929134 0.428046476643157 0.6 0.43951509271201
0.611071727075048 0.638133366242849 0.818897637795276 0.185922189608235 0.8 0.745776580329361
0.611071727075048 0.298775971422096 0.377952755905512 0.796571309756421 0.6 0.481258541751605
0.616632973132332 0.594716749782901 0.590551181102362 0.319693745911704 0.6 0.600726264992609
0.616632973132332 0.607674115828091 0.267716535433071 0.796571309756421 0.4 0.436421395253546
0.616632973132332 0.406341050917179 0.488188976377953 0.737173888967812 0.4 0.541258114951649
0.616632973132332 0.343386357141337 0.417322834645669 0.708857586651151 0.4 0.503482409662951
0.616632973132332 0.406341050917179 0.488188976377953 0.737173888967812 0.4 0.541258114951649
0.616632973132332 0.314344498571024 0.31496062992126 0.319693745911704 0.4 0.455405198505527
0.616632973132332 0.160777495819646 0.566929133858268 0.737173888967812 0.4 0.586563021774988
0.616632973132332 0.329192291191883 0.393700787401575 0.51093120385749 0.6 0.491642136739755
0.616632973132332 0.417606134735786 0.440944881889764 0.51093120385749 0.6 0.515716438537532
0.622086884574933 0.792657065552843 0.322834645669291 0.766398701648928 0.4 0.461609584413872
0.622086884574933 0.428501784693639 0.52755905511811 0.533175674093379 0.6 0.565823176703051
0.622086884574933 0.567274244825443 0.598425196850394 0.353882678081622 0.4 0.607643599717088
0.622086884574933 0.184667583968617 0.480314960629921 0.271660198880265 1 0.539324663091113
0.622086884574933 0.496229480213374 0.488188976377953 0.428046476643157 0.6 0.543655434973851
0.627436391877161 0.784928646437761 0.622047244094488 0.681412524146822 0.4 0.624127475713703
0.627436391877161 0.428501784693639 0.228346456692913 0.654803322708852 0.6 0.428516663839008
0.627436391877161 0.227505353741453 0.354330708661417 0.708857586651151 0.4 0.478303138985305
0.627436391877161 0.756541347547896 0.433070866141732 0.737173888967812 0.6 0.516628599972994
0.627436391877161 0.298775971422096 0.456692913385827 0 0.6 0.528991108676169
0.627436391877161 0.428501784693639 0.52755905511811 0.533175674093379 0.6 0.5680926093505
0.632684318103223 0.912878562436909 0.31496062992126 0.737173888967812 0.4 0.463803855606515
0.632684318103223 0.781003585770755 0.795275590551181 0.489319258581996 0.2 0.736940037313765
0.632684318103223 0.10646689010516 0.503937007874016 0.287257917047627 0.8 0.557036386129696
0.632684318103223 0.706991714150705 0.440944881889764 0.766398701648928 0.4 0.523147748372719
0.632684318103223 0.184667583968617 0.645669291338583 0.428046476643157 0.4 0.64070147119043
0.632684318103223 0.394679049860455 0.488188976377953 0.579663133904375 0.6 0.548343385708831
0.632684318103223 0.282408617443062 0.377952755905512 0.353882678081622 0.4 0.491892664743497
0.632684318103223 0.227505353741453 0.606299212598425 0.38995336427727 0.6 0.616590672355516
0.632684318103223 0.638133366242849 0.574803149606299 0.408737819242607 0.6 0.597750221001808
0.632684318103223 0.134846319931505 0.307086614173228 0.24163615389195 0.8 0.460544949260403
0.637833383875873 0.356984637361153 0.496062992125984 0.533175674093379 0.4 0.554946314896656
0.637833383875873 0.57433909996003 0.677165354330709 0.533175674093379 0.6 0.662299852748337
0.637833383875873 0.5296222296829 0.47244094488189 0.8277331449521 0.4 0.542120828914171
0.637833383875873 0.87480869504775 0.417322834645669 0.766398701648928 0.4 0.513549608181158
0.637833383875873 0.57433909996003 0.354330708661417 0.603959770592636 0.6 0.483568325582107
0.642886212067644 0.682037442274625 0.677165354330709 0.628996381325591 0.4 0.664177995284132
0.642886212067644 0.545177051002285 0.220472440944882 0.628996381325591 0.8 0.43475142207911
0.642886212067644 0.692225933704447 0.330708661417323 0.654803322708852 0.4 0.475791332619386
0.642886212067644 0.343386357141337 0.37007874015748 0.556077595392986 0.6 0.493300906145614
0.642886212067644 0.459207091976074 0.322834645669291 0.38995336427727 0.4 0.47245370264116
0.647845332232778 0.10646689010516 0.330708661417323 0.654803322708852 0.6 0.478373931259324
0.647845332232778 0.184667583968617 0.488188976377953 0.319693745911704 0.6 0.555116699988363
0.647845332232778 0.803958327411657 0.409448818897638 0.654803322708852 0.6 0.514475424682802
0.647845332232778 0.687167508427955 0.543307086614173 0.353882678081622 0.6 0.585765206457707
0.652713184796598 0.632246756970788 0.322834645669291 0.628996381325591 0.6 0.477612832167983
0.652713184796598 0.394679049860455 0.417322834645669 0.766398701648928 0.6 0.520697638600733
0.652713184796598 0.459207091976074 0.598425196850394 0.556077595392986 0.6 0.619888178065943
0.652713184796598 0.314344498571024 0.338582677165354 0.353882678081622 0.8 0.484272714489877
0.65749212501788 0.750164906299361 0.362204724409449 0.737173888967812 0.4 0.497103226779248
0.65749212501788 0.666195116334673 0.15748031496063 0.556077595392986 0.4 0.426237549687881
0.662184426738581 0.417606134735786 0.251968503937008 0.336561300228931 0.6 0.455912555145831
0.662184426738581 0.868601991466656 0.409448818897638 0.766398701648928 0.4 0.521456329349185
0.666792285934294 0.725792866742076 0.511811023622047 0.25645735016008 0.6 0.576430231290429
0.666792285934294 0.478223460369541 0.661417322834646 0.160049339207049 0.6 0.663491739527102
0.666792285934294 0.184667583968617 0.488188976377953 0.319693745911704 0.6 0.563687695147042
0.671317824077806 0.370037582522328 0.440944881889764 0.353882678081622 0.4 0.541367007193346
0.671317824077806 0.227505353741453 0.433070866141732 0.681412524146822 0.2 0.537443644794297
0.671317824077806 0.842713740392177 0.409448818897638 0.796571309756421 0.4 0.525933028528573
0.671317824077806 0.356984637361153 0.204724409448819 0.796571309756421 0.6 0.446402779238888
0.675763091327277 0.692225933704447 0.456692913385827 0.51093120385749 0.6 0.551432204082986
0.675763091327277 0.478223460369541 0.417322834645669 0.681412524146822 0.4 0.531897217478445
0.675763091327277 0.71178349253875 0 0.766398701648928 0.2 0.419289947258674
0.675763091327277 0.417606134735786 0.456692913385827 0.0576008636188398 0.8 0.551432204082986
0.675763091327277 0.314344498571024 0.385826771653543 0.287257917047627 0.8 0.51706586930699
0.675763091327277 0.607674115828091 0.330708661417323 0.8277331449521 0.6 0.493018790336477
0.684420675189816 0.697214797954968 0.338582677165354 0.428046476643157 0.6 0.500841479695016
0.684420675189816 0.439052681392566 0.110236220472441 0.654803322708852 1 0.433371993993766
0.684420675189816 0.370037582522328 0.299212598425197 0.8277331449521 0.4 0.485179394324011
0.68863676199309 0.298775971422096 0.236220472440945 0.766398701648928 0.4 0.465708378243181
0.68863676199309 0.756541347547896 0.433070866141732 0.8277331449521 0.4 0.545814190776469
0.68863676199309 0.671553579639991 0.37007874015748 0.737173888967812 0.4 0.516524982294887
0.692780123592479 0.329192291191883 0.582677165354331 0.708857586651151 0.4 0.627356571596085
0.700855559772835 0.655232596540572 0.346456692913386 0.579663133904375 0.6 0.512761566238128
0.700855559772835 0.66075566474917 0.464566929133858 0.227183941484498 0.6 0.567306931846313
0.700855559772835 0.855877726385783 0.874015748031496 0.111867085385469 0.6 0.811737099087582
0.70479094257601 0.835956575183371 0.409448818897638 0.271660198880265 0.8 0.542530020858201
0.70479094257601 0.620173139080759 0.385826771653543 0.737173888967812 0.4 0.531775389253491
0.70479094257601 0.206828658011353 0.496062992125984 0.447899024123338 0.6 0.585298909728335
0.708660220956156 0.788812843746063 0.598425196850394 0 1 0.643104503198596
0.712464922524519 0.796462170603856 0.62992125984252 0.0408316394988321 0.8 0.662916933500918
0.727066903819577 0.93719841259223 0.456692913385827 0.796571309756421 0.4 0.576007642124812
0.727066903819577 0.93980915064126 0.456692913385827 0.737173888967812 0.4 0.576007642124812
0.730570050809679 0.24689311623375 0.551181102362205 0.447899024123338 0.4 0.626354685300985
0.730570050809679 0.57433909996003 0.566929133858268 0.737173888967812 0.4 0.634940514994755
0.740746361523206 0.298775971422096 0.236220472440945 0.766398701648928 0.4 0.495539591346751
0.744031415812396 0.655232596540572 0.535433070866142 0.468316082350333 0.4 0.624049611456809
0.747264856641292 0.760732043226694 0.590551181102362 0.0375515644561815 0.6 0.655334765283586
0.750447781789762 0.428501784693639 0.401574803149606 0.556077595392986 0.6 0.562129968295637
0.750447781789762 0.8957739235772 0.488188976377953 0.408737819242607 0.4 0.602816062051105
0.756666322346685 0.697214797954968 0.204724409448819 0.8277331449521 0.4 0.496180989437205
0.774214614911894 0.394679049860455 0.748031496062992 0.489319258581996 0.4 0.758218562482486
0.774214614911894 0.655232596540572 0.346456692913386 0.579663133904375 0.6 0.551890557360166
0.787676436676332 0.671553579639991 0.433070866141732 0.796571309756421 0.4 0.595149281497949
0.809572761176641 0.607674115828091 0.283464566929134 0.51093120385749 0.4 0.54930692215981
0.822699988947875 0.560063374818647 0.456692913385827 0.489319258581996 0.6 0.623572398698841
0.822699988947875 0.513332189939335 0.244094488188976 0.603959770592636 0.4 0.545172652151518
0.832844278614067 0.428501784693639 0.31496062992126 0.556077595392986 0.4 0.572751755084789
0.832844278614067 0.626261207129335 0.52755905511811 0.681412524146822 0.4 0.661971041999259
0.84048329957292 0.829076667768906 0.559055118110236 0.737173888967812 0.4 0.681304008678748
0.849482333461425 0.581264045057132 0.362204724409449 0.556077595392986 0.6 0.598745491257242
0.849482333461425 0.521573675631318 0.393700787401575 0.428046476643157 0.4 0.610850678021126
0.849482333461425 0.521573675631318 0.448818897637795 0.766398701648928 0.4 0.633797154286344
0.857916311557282 0.560063374818647 0.433070866141732 0.893201821221105 0.4 0.631427935431322
0.857916311557282 0.814929117139263 0.62992125984252 0.603959770592636 0.4 0.726219041931369
0.862724075557168 0.632246756970788 0.409448818897638 0.654803322708852 0.4 0.6242161894756
0.868858009193304 0.160777495819646 0.511811023622047 0.603959770592636 0.4 0.672110467310798
0.890583110032082 0.692225933704447 0.433070866141732 0.8277331449521 0.4 0.648606636837454
0.951668796685398 0.459207091976074 0.417322834645669 0.796571309756421 0.6 0.675113483479285
0.953286284983232 0.406341050917179 0.488188976377953 0.24163615389195 0.6 0.704578063382838
0.979908230657589 0.702136090254363 0.551181102362205 0.556077595392986 0.8 0.745996008382801
0.984268917281664 0.784928646437761 0.622047244094488 0.681412524146822 0.4 0.781627428241112
0.986046218726164 0.504887741382321 0.68503937007874 0.654803322708852 0.4 0.814203806755799
0.992600638391381 0.265150643984223 0.37007874015748 0.160049339207049 1 0.680835731785553
0.992714810324821 0.382589399856874 0.519685039370079 0.353882678081622 0.6 0.738574492172853
0.992827647078142 0.682037442274625 0.204724409448819 0.737173888967812 0.4 0.63659693058099
0.993581135098978 0.513332189939335 0.346456692913386 0.371674306920417 0.8 0.673704090564228
0.996950773006904 0.692225933704447 0.425196850393701 0.447899024123338 0.4 0.702728973007395
0.997127192429748 0.343386357141337 0.503937007874016 0.336561300228931 0.6 0.734137780294553
1 0.428501784693639 0.551181102362205 0.185922189608235 0.6 0.756190821265577
1 0.868601991466656 0.440944881889764 0.556077595392986 0.4 0.710324637341017
