0 0.560063374818647 0.220472440944882 0.737173888967812 0.4 0.30993252511047
0 0.93457008048021 0.503937007874016 0.654803322708852 0.4 0.497167425280139
0.0670357061168292 0.298775971422096 0.511811023622047 0.123490309538899 0.6 0.218469598365107
0.0670357061168292 0.487345645735654 0.511811023622047 0.468316082350333 0.6 0.378635440278767
0.10763842335381 0.160777495819646 0.763779527559055 0.123490309538899 0.8 0.299716020855808
0.126850150572236 0.0750933502543975 0.488188976377953 0.123490309538899 0.8 0.213866239409681
0.14538815668388 0.406341050917179 0.251968503937008 0.859927927803864 0.6 0.396047815161872
0.14538815668388 0.0750933502543975 0.31496062992126 0.628996381325591 0.6 0.263677057536776
0.14538815668388 0.428501784693639 0.637795275590551 0.408737819242607 0.6 0.406330512366722
0.163288310686206 0.459207091976074 0.291338582677165 0.603959770592636 0.4 0.346821897033216
0.163288310686206 0.687167508427955 0.283464566929134 0.708857586651151 0.4 0.372695031587061
0.180583884149858 0.428501784693639 0.480314960629921 0.468316082350333 0.6 0.380116924625402
0.197305788339802 0.370037582522328 0.62992125984252 0.38995336427727 0.6 0.399325304283483
0.197305788339802 0.134846319931505 0.417322834645669 0.199338374968847 0.8 0.24337955342258
0.213482785348537 0.692225933704447 0.425196850393701 0.708857586651151 0.4 0.45127671602376
0.229141676548975 0.417606134735786 0.31496062992126 0.336561300228931 0.8 0.322059041424639
0.229141676548975 0.428501784693639 0.677165354330709 0.556077595392986 0.4 0.447867268824353
0.229141676548975 0.57433909996003 0.448818897637795 0.447899024123338 0.6 0.427929659354413
0.229141676548975 0.24689311623375 0.188976377952756 0.8277331449521 0.6 0.387453170784532
0.229141676548975 0.781003585770755 0.606299212598425 0.737173888967812 0.4 0.559683413139647
0.244307471197245 0.417606134735786 0.251968503937008 0.319693745911704 0.6 0.29665235656408
0.25900353761506 0.552699968949713 0.448818897637795 0.893201821221105 0.4 0.525707008350992
0.25900353761506 0.10646689010516 0.503937007874016 0.408737819242607 0.2 0.289212092972362
0.25900353761506 0.852629193927041 0.440944881889764 0.628996381325591 0.4 0.510627787874925
0.25900353761506 0.0750933502543975 0.417322834645669 0.38995336427727 0.4 0.256859881839751
0.273251739043858 0.468849007765316 0.661417322834646 0.654803322708852 0.4 0.473378503540646
0.273251739043858 0.206828658011353 0.590551181102362 0.8277331449521 0.4 0.412476040027929
0.287072555977729 0.822069214111767 0.456692913385827 0.8277331449521 0.4 0.518063363092791
0.300485196540257 0.24689311623375 0.275590551181102 0.25645735016008 0.8 0.266422608047519
0.300485196540257 0.796462170603856 0.62992125984252 0.0375515644561815 0.8 0.373325855596155
0.300485196540257 0.692225933704447 0.464566929133858 0.489319258581996 0.6 0.486979983439775
0.300485196540257 0.730346031075707 0.456692913385827 0.8277331449521 0.4 0.52147017304719
0.300485196540257 0.702136090254363 0.464566929133858 0.336561300228931 0.4 0.430313370016845
0.313507696264702 0.706991714150705 0.566929133858268 0.737173888967812 0.4 0.550486839668605
0.326157008461307 0.406341050917179 0.346456692913386 0.737173888967812 0.4 0.451293978768494
0.326157008461307 0.898677830527398 0.401574803149606 0.766398701648928 0.4 0.522361477220911
0.326157008461307 0.370037582522328 0.425196850393701 0.579663133904375 0.6 0.417905006668551
0.326157008461307 0.428501784693639 0.362204724409449 0.428046476643157 0.8 0.371712334318816
0.326157008461307 0.428501784693639 0.346456692913386 0.353882678081622 0.4 0.364397635355091
0.326157008461307 0.356984637361153 0.464566929133858 0.408737819242607 0.6 0.379440630044684
0.338449086205283 0.160777495819646 0.385826771653543 0.227183941484498 0.6 0.254977309515001
0.338449086205283 0.206828658011353 0.440944881889764 0.21308856566953 0.8 0.27564390122079
0.338449086205283 0 0.307086614173228 0.51093120385749 0.4 0.28647228172312
0.350398956850022 0.560063374818647 0.251968503937008 0.603959770592636 0.6 0.396779223637912
0.350398956850022 0.868601991466656 0.299212598425197 0.796571309756421 0.4 0.483280418188808
0.350398956850022 0.796462170603856 0.377952755905512 0.603959770592636 0.4 0.488771469945393
0.350398956850022 0.382589399856874 0.110236220472441 0.681412524146822 0.4 0.382583472934603
0.362020789859073 0.184667583968617 0.614173228346457 0.199338374968847 0.4 0.312394922063206
0.362020789859073 0.459207091976074 0.354330708661417 0.579663133904375 0.6 0.421337457960535
0.362020789859073 0.343386357141337 0.52755905511811 0.24163615389195 0.8 0.369389496129516
0.373327958654647 0.822069214111767 0.78740157480315 0.303264298797106 0.4 0.481859937610023
0.373327958654647 0.560063374818647 0.52755905511811 0.25645735016008 0.6 0.396211963448671
0.373327958654647 0.356984637361153 0.425196850393701 0.737173888967812 0.4 0.471605451237889
0.373327958654647 0.24689311623375 0.15748031496063 0.8277331449521 0.6 0.387698421321293
0.373327958654647 0.552699968949713 0.47244094488189 0.111867085385469 0.8 0.357413122752755
0.384333097097484 0.71178349253875 0.409448818897638 0.556077595392986 0.6 0.488181677997004
0.384333097097484 0.227505353741453 0.440944881889764 0.654803322708852 0.6 0.420640736719801
0.384333097097484 0.134846319931505 0.220472440944882 0.408737819242607 0.8 0.251723253663124
0.384333097097484 0.298775971422096 0.362204724409449 0.766398701648928 0.4 0.459881167846585
0.384333097097484 0.487345645735654 0.425196850393701 0.336561300228931 0.8 0.401198813185184
0.384333097097484 0.781003585770755 0.52755905511811 0.893201821221105 0.4 0.594114204284232
0.384333097097484 0.24689311623375 0.220472440944882 0.227183941484498 0.6 0.269719327956091
0.384333097097484 0.382589399856874 0.322834645669291 0.38995336427727 0.8 0.369484774381266
0.384333097097484 0.852629193927041 0.440944881889764 0.628996381325591 0.4 0.542461488989536
0.395048151141103 0.504887741382321 0.385826771653543 0.796571309756421 0.2 0.505741384452642
0.395048151141103 0.184667583968617 0.62992125984252 0.408737819242607 0.4 0.407732194631198
0.395048151141103 0.496229480213374 0.440944881889764 0.893201821221105 0.6 0.556604983112873
0.395048151141103 0.134846319931505 0.299212598425197 0.859927927803864 0.6 0.415314286106226
0.395048151141103 0.855877726385783 0.488188976377953 0.38995336427727 0.4 0.523485283763264
0.395048151141103 0.862292879864541 0.322834645669291 0.654803322708852 0.4 0.508243105637541
0.395048151141103 0.552699968949713 0.354330708661417 0.737173888967812 0.4 0.481020022007767
0.405484426140896 0.382589399856874 0.582677165354331 0.893201821221105 0.4 0.536969668490543
0.405484426140896 0.314344498571024 0.448818897637795 0.489319258581996 0.8 0.405935792617752
0.405484426140896 0.370037582522328 0.409448818897638 0.708857586651151 0.6 0.481885532241815
0.405484426140896 0.588054803744782 0.354330708661417 0.737173888967812 0.4 0.485867498338077
0.405484426140896 0.298775971422096 0.275590551181102 0.603959770592636 0.6 0.378801203345806
0.405484426140896 0.487345645735654 0.433070866141732 0.287257917047627 0.8 0.398500197502812
0.415652630244142 0.417606134735786 0.551181102362205 0.766398701648928 0.4 0.515300867222809
0.415652630244142 0.382589399856874 0.551181102362205 0.24163615389195 0.6 0.39424865819755
0.415652630244142 0.706991714150705 0.566929133858268 0.737173888967812 0.4 0.576431647199259
0.415652630244142 0.449281074030838 0.47244094488189 0.489319258581996 0.4 0.452010867637684
0.415652630244142 0.682037442274625 0.740157480314961 0 0.6 0.401430410669809
0.425562914239401 0.206828658011353 0.488188976377953 0.737173888967812 0.4 0.45772810980575
0.425562914239401 0.298775971422096 0.559055118110236 0.199338374968847 0.6 0.346791746536546
0.425562914239401 0.206828658011353 0.385826771653543 0.603959770592636 1 0.401769336606421
0.425562914239401 0.632246756970788 0.496062992125984 0.51093120385749 0.6 0.51649397648311
0.425562914239401 0.513332189939335 0.496062992125984 0.489319258581996 0.4 0.479885191188115
0.425562914239401 0.697214797954968 0.519685039370079 0.737173888967812 0.4 0.557004761889841
0.425562914239401 0.730346031075707 0.338582677165354 0.556077595392986 0.6 0.489271467490433
0.425562914239401 0.10646689010516 0.598425196850394 0.408737819242607 0 0.385361179299838
0.425562914239401 0.792657065552843 0.440944881889764 0.654803322708852 0.4 0.53605070627365
0.425562914239401 0.439052681392566 0.535433070866142 0.271660198880265 0.8 0.417401913929184
0.435224908202184 0.955117565483606 0.401574803149606 0.628996381325591 0.4 0.573036233867787
0.435224908202184 0.626261207129335 0.31496062992126 0.766398701648928 0.4 0.497908732284907
0.435224908202184 0.282408617443062 0.362204724409449 0.0894140954584182 1 0.276408353170821
0.435224908202184 0.788812843746063 0.464566929133858 0.489319258581996 0.4 0.548394688118639
0.435224908202184 0.697214797954968 0.511811023622047 0.766398701648928 0.4 0.56402883032969
0.435224908202184 0.581264045057132 1 0.160049339207049 0.6 0.524323933083236
0.435224908202184 0.748014728836851 0.322834645669291 0.408737819242607 0.6 0.48243052429106
0.435224908202184 0.972253242007213 0.330708661417323 0.336561300228931 0.6 0.51403260991463
0.435224908202184 0.923875682984825 0.267716535433071 0.893201821221105 0.4 0.530241130561836
0.435224908202184 0.356984637361153 0.511811023622047 0.468316082350333 0.4 0.436912152079065
0.435224908202184 0.184667583968617 0.637795275590551 0.616383717667685 0 0.428610297422545
0.444647755237264 0.643924425452699 0.236220472440945 0.8277331449521 0.6 0.499552160892184
0.444647755237264 0.160777495819646 0.385826771653543 0.0785683815432723 0.6 0.219810595980723
0.444647755237264 0.581264045057132 0.503937007874016 0.25645735016008 0.6 0.435307166046968
0.444647755237264 0.57433909996003 0.251968503937008 0.766398701648928 0.4 0.486285491679757
0.444647755237264 0.184667583968617 0.47244094488189 0.681412524146822 0.2 0.445266035940412
0.444647755237264 0.504887741382321 0.503937007874016 0.533175674093379 0.6 0.497108713009198
0.444647755237264 0.298775971422096 0.409448818897638 0.628996381325591 0.6 0.443144220849165
0.444647755237264 0.521573675631318 0.425196850393701 0.681412524146822 0.4 0.506360456189823
0.444647755237264 0.682037442274625 0.653543307086614 0.628996381325591 0.4 0.597103783523509
0.444647755237264 0.666195116334673 0.433070866141732 0.408737819242607 0.6 0.492518636572595
0.444647755237264 0.449281074030838 0.385826771653543 0.681412524146822 0.8 0.496360458386841
0.444647755237264 0.227505353741453 0.700787401574803 0.447899024123338 0 0.461601178078514
0.453840142585926 0.134846319931505 0.362204724409449 0.556077595392986 0.8 0.359034147713932
0.453840142585926 0.721182427964643 0.417322834645669 0.38995336427727 0.6 0.49591253204665
0.453840142585926 0.588054803744782 0.440944881889764 0.708857586651151 0.2 0.522356409143851
0.453840142585926 0.687167508427955 0.330708661417323 0.766398701648928 0.4 0.510555198470273
0.453840142585926 0.439052681392566 0.456692913385827 0.654803322708852 0 0.506658613851917
0.453840142585926 0.314344498571024 0.299212598425197 0.796571309756421 0.6 0.446255883623307
0.453840142585926 0.773027169238684 0.425196850393701 0.708857586651151 0.4 0.536421217331155
0.462810330338205 0.227505353741453 0.338582677165354 0.603959770592636 0.6 0.385077119276841
0.462810330338205 0.792657065552843 0.354330708661417 0.8277331449521 0.4 0.537988368649738
0.462810330338205 0.227505353741453 0.559055118110236 0.654803322708852 0.4 0.457092107597836
0.462810330338205 0.282408617443062 0.322834645669291 0.271660198880265 1 0.330464609494484
0.462810330338205 0.382589399856874 0.519685039370079 0.353882678081622 0.6 0.413892602255602
0.462810330338205 0.449281074030838 0.393700787401575 0.796571309756421 0.4 0.532931675571935
0.462810330338205 0.282408617443062 0.267716535433071 0.796571309756421 0.6 0.423422199237306
0.462810330338205 0.620173139080759 0.535433070866142 0.556077595392986 0.6 0.540842640780292
0.462810330338205 0.632246756970788 0.228346456692913 0.556077595392986 0.4 0.450955698391091
0.47156617796527 0.298775971422096 0.330708661417323 0.737173888967812 0.4 0.437024497924788
0.47156617796527 0.343386357141337 0.409448818897638 0.447899024123338 0.6 0.410156029471884
0.47156617796527 0.513332189939335 0.377952755905512 0.603959770592636 0.6 0.48505937752476
0.47156617796527 0.487345645735654 0.511811023622047 0.468316082350333 0.6 0.482070248859106
0.47156617796527 0.134846319931505 0.37007874015748 0.21308856566953 0.8 0.26598079671692
0.47156617796527 0.521573675631318 0.440944881889764 0.708857586651151 0.6 0.530589858045238
0.47156617796527 0.227505353741453 0.37007874015748 0.25645735016008 0.8 0.309660265922541
0.47156617796527 0.496229480213374 0.464566929133858 0.737173888967812 0.4 0.54456136790745
0.47156617796527 0.265150643984223 0.322834645669291 0.38995336427727 1 0.350053318395372
0.47156617796527 0.66075566474917 0.68503937007874 0.303264298797106 0.6 0.488913772569771
0.47156617796527 0.725792866742076 0.551181102362205 0.766398701648928 0.4 0.59154625823083
0.47156617796527 0.227505353741453 0.433070866141732 0.447899024123338 0.6 0.391694309520557
0.47156617796527 0.521573675631318 0.47244094488189 0.796571309756421 0.4 0.563466855620345
0.47156617796527 0.607674115828091 0.503937007874016 0.8277331449521 0.4 0.586868829673271
0.47156617796527 0.818516076707867 0.330708661417323 0.859927927803864 0.4 0.545118683816838
0.47156617796527 0.134846319931505 0.385826771653543 0.371674306920417 0.8 0.339641238498458
0.47156617796527 0.666195116334673 0.330708661417323 0.654803322708852 0.6 0.490579667550833
0.480115168865041 0.468849007765316 0.62992125984252 0.336561300228931 0.4 0.480592461726421
0.480115168865041 0.93457008048021 0.149606299212598 0.654803322708852 0.4 0.524102568530793
0.480115168865041 0.803958327411657 0.551181102362205 0.21308856566953 0.6 0.503457674671568
0.480115168865041 0.417606134735786 0.37007874015748 0.766398701648928 0.6 0.503725101684015
0.480115168865041 0.601254935231677 0.37007874015748 0.603959770592636 0.4 0.487030242188755
0.480115168865041 0.487345645735654 0.661417322834646 0.185922189608235 0.8 0.456429747491864
0.480115168865041 0.343386357141337 0.503937007874016 0.336561300228931 0.6 0.386850477885164
0.480115168865041 0.649623150907283 0.440944881889764 0.893201821221105 0.6 0.586456697616028
0.480115168865041 0.552699968949713 0.511811023622047 0.38995336427727 0.6 0.477647906860307
0.488464433094681 0.370037582522328 0.322834645669291 0.8277331449521 0.4 0.486896970540617
0.488464433094681 0.666195116334673 0.566929133858268 0.628996381325591 0.4 0.574944133233606
0.488464433094681 0.721182427964643 0.614173228346457 0.681412524146822 0.4 0.612368075075508
0.488464433094681 0.71178349253875 0.377952755905512 0.603959770592636 0.6 0.523262511576908
0.488464433094681 0.613978773897172 0.614173228346457 0.353882678081622 0.6 0.489669796462692
0.488464433094681 0.504887741382321 0.52755905511811 0.371674306920417 0.6 0.469805535433602
0.488464433094681 0.567274244825443 0.425196850393701 0.303264298797106 0.6 0.434223144283639
0.488464433094681 0.370037582522328 0.511811023622047 0.876427000666357 0.2 0.567601950389176
0.488464433094681 0.910079831012762 0.551181102362205 0.489319258581996 0.4 0.607553248850372
0.488464433094681 0.0750933502543975 0.464566929133858 0.51093120385749 0.2 0.378692978134466
0.488464433094681 0.406341050917179 0.259842519685039 0.51093120385749 0.2 0.398574303898154
0.496620768446277 0.428501784693639 0.385826771653543 0.336561300228931 0.8 0.404503701872118
0.496620768446277 0.394679049860455 0.275590551181102 0.681412524146822 0.6 0.445150831161151
0.496620768446277 0.706991714150705 0.299212598425197 0.8277331449521 0.4 0.53969275843917
0.496620768446277 0.702136090254363 0.456692913385827 0.428046476643157 0.8 0.518513066272628
0.496620768446277 0.822069214111767 0.456692913385827 0.737173888967812 0.4 0.578098258692709
0.496620768446277 0.298775971422096 0.330708661417323 0.737173888967812 0.4 0.437024497924788
0.496620768446277 0.394679049860455 0.456692913385827 1 0.6 0.593891398195509
0.496620768446277 0.725792866742076 0.637795275590551 0.737173888967812 0.4 0.629913695120999
0.496620768446277 0.382589399856874 0.645669291338583 0.371674306920417 0.6 0.453878342276963
0.496620768446277 0.898677830527398 0.433070866141732 0.796571309756421 0.4 0.593664862720718
0.496620768446277 0.449281074030838 0.519685039370079 0.654803322708852 0.4 0.529127514888914
0.496620768446277 0.829076667768906 0.330708661417323 0.718197749117435 0.6 0.548070980753172
0.496620768446277 0.439052681392566 0.52755905511811 0.371674306920417 0.2 0.446854597783922
0.504590660006671 0.588054803744782 0.354330708661417 0.737173888967812 0.4 0.531900697239031
0.504590660006671 0.904420889298012 0.409448818897638 0.737173888967812 0.4 0.592983513032532
0.504590660006671 0.904420889298012 0.456692913385827 0.766398701648928 0.4 0.604983510396109
0.504590660006671 0.496229480213374 0.283464566929134 0.893201821221105 0.6 0.553941536273174
0.504590660006671 0.184667583968617 0.47244094488189 0.8277331449521 0.4 0.499367204880837
0.504590660006671 0.957611771908614 0.377952755905512 0.766398701648928 0.4 0.599957635022558
0.504590660006671 0.777036743433552 0.251968503937008 0.579663133904375 0.4 0.517122761061256
0.504590660006671 0.784928646437761 0.606299212598425 0.681412524146822 0.4 0.630752409581505
0.504590660006671 0.282408617443062 0.440944881889764 0.766398701648928 0.4 0.492297355667908
0.504590660006671 0.620173139080759 0.448818897637795 0.428046476643157 0.4 0.491781779581229
0.504590660006671 0.921155483818884 0.535433070866142 0.489319258581996 0.4 0.617981667605467
0.504590660006671 0.356984637361153 0.377952755905512 0.708857586651151 0.4 0.46578208153577
0.504590660006671 0.676833558957036 0.692913385826772 0.38995336427727 0.4 0.528488780249615
0.504590660006671 0.803958327411657 0.433070866141732 0.579663133904375 0.4 0.570701625670893
0.51238029832872 0.343386357141337 0.31496062992126 0.408737819242607 0.6 0.383740835858651
0.51238029832872 0.846047721315057 0.440944881889764 0.489319258581996 0.8 0.577457179098002
0.51238029832872 0.702136090254363 0.362204724409449 0.654803322708852 0.4 0.52765512989485
0.51238029832872 0.329192291191883 0.425196850393701 0.371674306920417 0.4 0.400494959672572
0.51238029832872 0.343386357141337 0.433070866141732 0.603959770592636 0.4 0.458399081456112
0.51238029832872 0.57433909996003 0.503937007874016 0.38995336427727 0.4 0.494804531399489
0.51238029832872 0.382589399856874 0.559055118110236 0.353882678081622 0.8 0.424975935783463
0.51238029832872 0.960090219785983 0.362204724409449 0.737173888967812 0.4 0.600273517868049
0.51238029832872 0.394679049860455 0.488188976377953 0.172829278785614 0.8 0.371464084100465
0.51238029832872 0.478223460369541 0.488188976377953 0.489319258581996 0.8 0.492467996305304
0.51238029832872 0.356984637361153 0.519685039370079 0.353882678081622 0.6 0.401999615520039
0.51238029832872 0.588054803744782 0.417322834645669 0.38995336427727 0.6 0.458434886377237
0.51238029832872 0.811307648457311 0.582677165354331 0.654803322708852 0.4 0.629185057683898
0.51238029832872 0.594716749782901 0.377952755905512 0.533175674093379 0.6 0.501414793820225
0.51238029832872 0.66075566474917 0.425196850393701 0.708857586651151 0.4 0.545547339673467
0.51238029832872 0.406341050917179 0.519685039370079 0.160049339207049 0.8 0.375691192262936
0.51238029832872 0.537487145739597 0.535433070866142 0.38995336427727 0.6 0.48835186002927
0.51238029832872 0.382589399856874 0.346456692913386 0.408737819242607 0.8 0.409949996052352
0.51238029832872 0.807650962187351 0.440944881889764 0.579663133904375 0.4 0.577359321052499
0.51238029832872 1 0.464566929133858 0.533175674093379 0.6 0.637508780646244
0.519995596329089 0.567274244825443 0.559055118110236 0.489319258581996 0.4 0.525513536016001
0.519995596329089 0.134846319931505 0.464566929133858 0.408737819242607 0.6 0.370490312797759
0.519995596329089 0.792657065552843 0.622047244094488 0.737173888967812 0.4 0.644155640337531
0.519995596329089 0.649623150907283 0.511811023622047 0.8277331449521 0.4 0.604549965735291
0.519995596329089 0.560063374818647 0.236220472440945 0.319693745911704 0.8 0.366159596993752
0.519995596329089 0.552699968949713 0.511811023622047 0.408737819242607 0.6 0.497141355255787
0.519995596329089 0.160777495819646 0.551181102362205 0.199338374968847 0.6 0.288593507361958
0.519995596329089 0.356984637361153 0.47244094488189 0.681412524146822 0.4 0.501944032669842
0.519995596329089 0.756541347547896 0.52755905511811 0.737173888967812 0.6 0.590100269829702
0.519995596329089 0.901560039281263 0.47244094488189 0.489319258581996 0.4 0.60108482032746
0.519995596329089 0.459207091976074 0.511811023622047 0.708857586651151 0.4 0.55392152049518
0.519995596329089 0.655232596540572 0.535433070866142 0.468316082350333 0.4 0.544940472840167
0.519995596329089 0.265150643984223 0.543307086614173 0.603959770592636 0.4 0.478902307527891
0.519995596329089 0.71178349253875 0.267716535433071 0.796571309756421 0.4 0.533777403231332
0.519995596329089 0.449281074030838 0.362204724409449 0.654803322708852 0.6 0.485021625475398
0.519995596329089 0.588054803744782 0.503937007874016 0.489319258581996 0.8 0.523904662286088
0.519995596329089 0.57433909996003 0.228346456692913 0.8277331449521 0.4 0.532549981553825
0.527442205016792 0.777036743433552 0.354330708661417 0.737173888967812 0.4 0.55373691830943
0.527442205016792 0.748014728836851 0.307086614173228 0.859927927803864 0.6 0.565072171275401
0.527442205016792 0.417606134735786 0.488188976377953 0.708857586651151 0.6 0.53238283123207
0.527442205016792 0.265150643984223 0.543307086614173 0.303264298797106 0.6 0.361159479271228
0.527442205016792 0.842713740392177 0.417322834645669 0.737173888967812 0.4 0.58822608437918
0.527442205016792 0.748014728836851 0.307086614173228 0.859927927803864 0.6 0.565072171275401
0.527442205016792 0.394679049860455 0.425196850393701 0.172829278785614 0.6 0.375704261939357
0.527442205016792 0.792657065552843 0.409448818897638 0.579663133904375 0.4 0.572134296326066
0.527442205016792 0.521573675631318 0.519685039370079 0.737173888967812 0.4 0.581789016582753
0.527442205016792 0.649623150907283 0.496062992125984 0.533175674093379 0.4 0.55386785991459
0.527442205016792 0.417606134735786 0.37007874015748 0.766398701648928 0.6 0.503725101684015
0.527442205016792 0.626261207129335 0.456692913385827 0.796571309756421 0.4 0.585236218689695
0.527442205016792 0.496229480213374 0.551181102362205 0.603959770592636 0.6 0.541055145038961
0.527442205016792 0.329192291191883 0.433070866141732 0.579663133904375 0.4 0.4479538812053
0.534725528146963 0.24689311623375 0.488188976377953 0.859927927803864 0.4 0.531550553679017
0.534725528146963 0.459207091976074 0.606299212598425 0.319693745911704 0.2 0.465179594078485
0.534725528146963 0.537487145739597 0.433070866141732 0.737173888967812 0.4 0.565897838381115
0.534725528146963 0.370037582522328 0.68503937007874 0.628996381325591 0.6 0.535210651625794
0.534725528146963 0.513332189939335 0.456692913385827 0.38995336427727 0.6 0.461708553621005
0.534725528146963 0.904420889298012 0.377952755905512 0.681412524146822 0.4 0.598980660326268
0.534725528146963 0.607674115828091 0.496062992125984 0.628996381325591 0.6 0.551444062971633
0.534725528146963 0.343386357141337 0.401574803149606 0.428046476643157 0.8 0.424279090034075
0.534725528146963 0.406341050917179 0.732283464566929 0.287257917047627 0.6 0.467852164986112
0.534725528146963 0.513332189939335 0.401574803149606 0.737173888967812 0.4 0.547960990008789
0.534725528146963 0.57433909996003 0.448818897637795 0.737173888967812 0.6 0.569897837502307
0.534725528146963 0.682037442274625 0.740157480314961 0 0.6 0.456737793253807
0.534725528146963 0.752302634912051 0.740157480314961 0.319693745911704 0.4 0.541359050373436
0.534725528146963 0.487345645735654 0.606299212598425 0.766398701648928 0.4 0.587910901363552
0.541850735885643 0.666195116334673 0.283464566929134 0.8277331449521 0.4 0.556701327661316
0.541850735885643 0.10646689010516 0.330708661417323 0.654803322708852 0.6 0.364989314350292
0.541850735885643 0.588054803744782 0.409448818897638 0.708857586651151 0.4 0.555235869122469
0.541850735885643 0.329192291191883 0.433070866141732 0.579663133904375 0.4 0.4479538812053
0.541850735885643 0.655232596540572 0.464566929133858 0.654803322708852 0.4 0.554139537315718
0.541850735885643 0.706991714150705 0.488188976377953 0.353882678081622 0.4 0.515671802581984
0.541850735885643 0.184667583968617 0.645669291338583 0.428046476643157 0.4 0.427492701944357
0.541850735885643 0 0.417322834645669 0.24163615389195 0.6 0.26477599417868
0.541850735885643 0.581264045057132 0.574803149606299 0.38995336427727 0.4 0.514364315588641
0.541850735885643 0.777036743433552 0.456692913385827 0.708857586651151 0.2 0.586429435776446
0.541850735885643 0.382589399856874 0.440944881889764 0.0679663869261103 0.6 0.34750989336438
0.541850735885643 0.692225933704447 0.566929133858268 0.737173888967812 0.6 0.608485958989807
0.541850735885643 0.552699968949713 0.62992125984252 0.489319258581996 0.4 0.553301064353082
0.541850735885643 0.655232596540572 0.566929133858268 0.556077595392986 0.4 0.580377759768365
0.541850735885643 0.676833558957036 0.480314960629921 0.603959770592636 0.6 0.564220567479916
0.541850735885643 0.868601991466656 0.440944881889764 0.556077595392986 0.4 0.608206580516465
0.541850735885643 0.206828658011353 0.724409448818898 0.579663133904375 0.2 0.508148468039189
0.541850735885643 0.588054803744782 0.496062992125984 0.51093120385749 0.4 0.52886625805007
0.541850735885643 0.552699968949713 0.393700787401575 0.428046476643157 0.8 0.454414709750847
0.541850735885643 0.955117565483606 0.338582677165354 0.766398701648928 0.4 0.606562162668193
0.541850735885643 0.513332189939335 0.338582677165354 0.737173888967812 0.4 0.531960993524018
0.541850735885643 0.739286405277032 0.480314960629921 0.681412524146822 0.4 0.581802084908347
0.541850735885643 0.792657065552843 0.267716535433071 0.579663133904375 0.6 0.542826827414598
0.541850735885643 0.134846319931505 0.464566929133858 0.408737819242607 0.6 0.376642898943241
0.541850735885643 0.632246756970788 0.519685039370079 0.681412524146822 0.4 0.575509620322533
0.541850735885643 0.807650962187351 0.456692913385827 0.377712296045613 0.6 0.535432382761399
0.548822777563539 0.406341050917179 0.488188976377953 0.737173888967812 0.4 0.537493011751207
0.548822777563539 0.459207091976074 0.385826771653543 0.579663133904375 0.6 0.474478878707777
0.548822777563539 0.811307648457311 0.653543307086614 0.100511056496556 0.8 0.508845492631621
0.548822777563539 0.57433909996003 0.566929133858268 0.135389177602393 1 0.450993936397498
0.548822777563539 0.676833558957036 0.228346456692913 0.893201821221105 0.4 0.564370252088262
0.548822777563539 0.343386357141337 0.338582677165354 0.489319258581996 0.4 0.399999999999758
0.548822777563539 0.962553117840914 0.362204724409449 0.737173888967812 0.4 0.617893790814485
0.548822777563539 0.382589399856874 0.393700787401575 0.468316082350333 0.6 0.434547921948839
0.548822777563539 0.439052681392566 0.440944881889764 0.428046476643157 0.6 0.467159218116517
0.555646393589723 0.626261207129335 0.496062992125984 0.533175674093379 0.6 0.549954184379816
0.555646393589723 0.314344498571024 0.440944881889764 0.708857586651151 0.2 0.484210284517483
0.555646393589723 0.988674423066297 0.52755905511811 0.353882678081622 0.4 0.61325692865465
0.555646393589723 0.370037582522328 0.409448818897638 0.708857586651151 0.6 0.483726926805751
0.555646393589723 0.504887741382321 0.393700787401575 0.353882678081622 0.6 0.429177377891903
0.555646393589723 0.748014728836851 0.574803149606299 0.38995336427727 0.8 0.567715266852221
0.555646393589723 0.57433909996003 0.401574803149606 0.533175674093379 0.4 0.511337250859501
0.555646393589723 0.487345645735654 0.488188976377953 0.489319258581996 0.4 0.506965158010579
0.555646393589723 0.974641379016255 0.299212598425197 0.303264298797106 0.6 0.491239008145721
0.555646393589723 0.394679049860455 0.503937007874016 0.468316082350333 0.6 0.474197218757741
0.555646393589723 0.781003585770755 0.637795275590551 0.654803322708852 0.4 0.657244990975091
0.555646393589723 0.265150643984223 0.354330708661417 0.336561300228931 0.6 0.380099103809583
0.555646393589723 0.394679049860455 0.574803149606299 0.737173888967812 0.6 0.565863713569273
0.555646393589723 0.314344498571024 0.330708661417323 0.654803322708852 0.4 0.417790215300163
0.555646393589723 0.620173139080759 0.354330708661417 0.287257917047627 0.8 0.412133299518212
0.562326126589901 0.702136090254363 0.307086614173228 0.766398701648928 0.4 0.554945136776547
0.562326126589901 0.227505353741453 0.511811023622047 0.766398701648928 0.6 0.511268075088303
0.562326126589901 0.282408617443062 0.307086614173228 0.556077595392986 0.4 0.372672582379212
0.562326126589901 0.5296222296829 0.464566929133858 0.371674306920417 0.6 0.468493052162313
0.562326126589901 0.521573675631318 0.456692913385827 0.319693745911704 0.6 0.451632643084974
0.562326126589901 0.803958327411657 0.433070866141732 0.654803322708852 0.6 0.597518790577641
0.562326126589901 0.24689311623375 0.480314960629921 0.38995336427727 0.8 0.402141875579663
0.562326126589901 0.382589399856874 0.259842519685039 0.8277331449521 0.8 0.476727084649214
0.562326126589901 0.428501784693639 0.393700787401575 0.353882678081622 0.8 0.431057834093341
0.568866331828234 0.24689311623375 0.440944881889764 0.353882678081622 0.6 0.387228817995541
0.568866331828234 0.478223460369541 0.559055118110236 0.185922189608235 0.6 0.429496433385843
0.568866331828234 0.343386357141337 0.188976377952756 0.628996381325591 0.8 0.384570214430314
0.568866331828234 0.918416090569315 0.385826771653543 0.766398701648928 0.4 0.620778378400309
0.568866331828234 0.24689311623375 0.21259842519685 0.25645735016008 0.8 0.328823094625149
0.568866331828234 0.588054803744782 0.606299212598425 0.447899024123338 0.6 0.548678622424794
0.568866331828234 0.743676408267776 0.31496062992126 0.766398701648928 0.4 0.559982952999585
0.568866331828234 0.329192291191883 0.31496062992126 0.371674306920417 0.8 0.393049688214042
0.568866331828234 0.428501784693639 0.346456692913386 0.353882678081622 0.4 0.412517960916096
0.568866331828234 0.666195116334673 0.488188976377953 0.408737819242607 0.4 0.518120082945636
0.568866331828234 0.849352696613204 0.283464566929134 0.8277331449521 0.4 0.575335887316103
0.568866331828234 0.8957739235772 0.409448818897638 0.796571309756421 0.4 0.620404229592492
0.568866331828234 0.449281074030838 0.535433070866142 0.556077595392986 0.6 0.522962488824663
0.568866331828234 0.962553117840914 0.440944881889764 0.737173888967812 0.4 0.647203684336641
0.568866331828234 0.343386357141337 0.52755905511811 0.24163615389195 0.8 0.381018183182128
0.57527118696656 0.626261207129335 0.535433070866142 0.38995336427727 0.6 0.524050868120101
0.57527118696656 0.184667583968617 0.440944881889764 0.319693745911704 0.6 0.357346418856968
0.57527118696656 0.468849007765316 0.614173228346457 0.38995336427727 0.2 0.48972070960405
0.57527118696656 0.66075566474917 0.440944881889764 0.556077595392986 0.4 0.556302514263536
0.581544701210234 0.206828658011353 0.52755905511811 0.38995336427727 0.2 0.397375854587102
0.581544701210234 0.496229480213374 0.283464566929134 0.51093120385749 0.6 0.466204861164878
0.581544701210234 0.282408617443062 0.37007874015748 0.185922189608235 0.6 0.342112864817261
0.581544701210234 0.314344498571024 0.338582677165354 0.51093120385749 0.6 0.400824041491168
0.581544701210234 0.282408617443062 0.614173228346457 0.468316082350333 0.4 0.462156814909341
0.581544701210234 0.329192291191883 0.425196850393701 0.160049339207049 0.6 0.357271401367177
0.587690723885665 0.134846319931505 0.464566929133858 0.123490309538899 0.8 0.259445143282836
0.587690723885665 0.832532257907225 0.330708661417323 0.303264298797106 0.6 0.465009503461333
0.587690723885665 0.796462170603856 0.440944881889764 0.478743015185434 0.6 0.558585530577029
0.587690723885665 0.800228989802756 0.330708661417323 0.766398701648928 0.4 0.582250359569651
0.587690723885665 0.768973879616662 0.480314960629921 0.579663133904375 0.4 0.607722834469207
0.587690723885665 0.206828658011353 0.622047244094488 0.428046476643157 0.6 0.426471613397813
0.587690723885665 0.10646689010516 0.417322834645669 0.185922189608235 0.6 0.278845088494877
0.587690723885665 0.227505353741453 0.551181102362205 0.303264298797106 0.4 0.364092311488845
0.587690723885665 0.734843402611236 0.417322834645669 0.654803322708852 0.6 0.585843221858939
0.587690723885665 0.406341050917179 0.559055118110236 0.737173888967812 0.4 0.570409157087973
0.587690723885665 0.5296222296829 0.582677165354331 0.796571309756421 0.4 0.629415982262929
0.587690723885665 0.487345645735654 0.551181102362205 0.737173888967812 0.4 0.5873269701696
0.593712952490799 0.632246756970788 0.440944881889764 0.603959770592636 0.8 0.565757779464835
0.593712952490799 0.406341050917179 0.377952755905512 0.227183941484498 0.6 0.400397577864227
0.593712952490799 0.417606134735786 0.291338582677165 0.579663133904375 0.6 0.435111188740977
0.593712952490799 0.594716749782901 0.440944881889764 0.303264298797106 0.6 0.449263365903566
0.593712952490799 0.521573675631318 0.21259842519685 0.766398701648928 0.4 0.512016305713844
0.593712952490799 0.504887741382321 0.503937007874016 0.533175674093379 0.6 0.529652032910375
0.593712952490799 0.343386357141337 0.425196850393701 0.654803322708852 0.6 0.469055039538718
0.593712952490799 0.282408617443062 0.354330708661417 0.160049339207049 0.8 0.338966727858966
0.599614940256417 0.567274244825443 0.37007874015748 0.227183941484498 0.6 0.39840173633401
0.599614940256417 0.449281074030838 0.433070866141732 0.353882678081622 0.6 0.459842004214252
0.599614940256417 0.417606134735786 0.322834645669291 0.353882678081622 0.6 0.415174208135577
0.599614940256417 0.702136090254363 0.480314960629921 0.766398701648928 0.2 0.616265161474165
0.599614940256417 0.849352696613204 0.425196850393701 0.628996381325591 0.4 0.625618097108894
0.599614940256417 0.93719841259223 0.393700787401575 0.766398701648928 0.4 0.642348132443918
0.599614940256417 0.282408617443062 0.417322834645669 0.428046476643157 0.6 0.43437289783689
0.605400103252995 0.428501784693639 0.362204724409449 0.428046476643157 0.8 0.461250677910799
0.605400103252995 0.66075566474917 0.661417322834646 0.628996381325591 0.4 0.632129963555941
0.605400103252995 0.329192291191883 0.338582677165354 0.8277331449521 0.2 0.473901531258781
0.611071727075048 0.594716749782901 0.346456692913386 0.708857586651151 0.4 0.563791257681681
0.611071727075048 0.439052681392566 0.480314960629921 0.21308856566953 0.6 0.43008403780234
0.611071727075048 0.594716749782901 0.362204724409449 0.681412524146822 0.6 0.56006501415459
0.611071727075048 0.496229480213374 0.283464566929134 0.428046476643157 0.6 0.442847338965832
0.611071727075048 0.638133366242849 0.818897637795276 0.185922189608235 0.8 0.561590226943432
0.611071727075048 0.298775971422096 0.377952755905512 0.796571309756421 0.6 0.475689959018456
0.616632973132332 0.594716749782901 0.590551181102362 0.319693745911704 0.6 0.529095866960778
0.616632973132332 0.607674115828091 0.267716535433071 0.796571309756421 0.4 0.574502618689576
0.616632973132332 0.406341050917179 0.488188976377953 0.737173888967812 0.4 0.537493011751207
0.616632973132332 0.343386357141337 0.417322834645669 0.708857586651151 0.4 0.480614866528094
0.616632973132332 0.406341050917179 0.488188976377953 0.737173888967812 0.4 0.537493011751207
0.616632973132332 0.314344498571024 0.31496062992126 0.319693745911704 0.4 0.399729926569554
0.616632973132332 0.160777495819646 0.566929133858268 0.737173888967812 0.4 0.511693377278558
0.616632973132332 0.329192291191883 0.393700787401575 0.51093120385749 0.6 0.440074759885311
0.616632973132332 0.417606134735786 0.440944881889764 0.51093120385749 0.6 0.48447596810277
0.622086884574933 0.792657065552843 0.322834645669291 0.766398701648928 0.4 0.594095182216875
0.622086884574933 0.428501784693639 0.52755905511811 0.533175674093379 0.6 0.529009673881097
0.622086884574933 0.567274244825443 0.598425196850394 0.353882678081622 0.4 0.528503470684981
0.622086884574933 0.184667583968617 0.480314960629921 0.271660198880265 1 0.34821503374654
0.622086884574933 0.496229480213374 0.488188976377953 0.428046476643157 0.6 0.510607278252368
0.627436391877161 0.784928646437761 0.622047244094488 0.681412524146822 0.4 0.670404243948989
0.627436391877161 0.428501784693639 0.228346456692913 0.654803322708852 0.6 0.441369998312719
0.627436391877161 0.227505353741453 0.354330708661417 0.708857586651151 0.4 0.421922302276275
0.627436391877161 0.756541347547896 0.433070866141732 0.737173888967812 0.6 0.614412756595271
0.627436391877161 0.298775971422096 0.456692913385827 0 0.6 0.31541027900955
0.627436391877161 0.428501784693639 0.52755905511811 0.533175674093379 0.6 0.530515649371561
0.632684318103223 0.912878562436909 0.31496062992126 0.737173888967812 0.4 0.630861870103792
0.632684318103223 0.781003585770755 0.795275590551181 0.489319258581996 0.2 0.642041754837221
0.632684318103223 0.10646689010516 0.503937007874016 0.287257917047627 0.8 0.338580297003743
0.632684318103223 0.706991714150705 0.440944881889764 0.766398701648928 0.4 0.621625340206744
0.632684318103223 0.184667583968617 0.645669291338583 0.428046476643157 0.4 0.427492701944357
0.632684318103223 0.394679049860455 0.488188976377953 0.579663133904375 0.6 0.505115307926074
0.632684318103223 0.282408617443062 0.377952755905512 0.353882678081622 0.4 0.414215580405629
0.632684318103223 0.227505353741453 0.606299212598425 0.38995336427727 0.6 0.417024388883705
0.632684318103223 0.638133366242849 0.574803149606299 0.408737819242607 0.6 0.550451076760791
0.632684318103223 0.134846319931505 0.307086614173228 0.24163615389195 0.8 0.324598119652377
0.637833383875873 0.356984637361153 0.496062992125984 0.533175674093379 0.4 0.500647826594829
0.637833383875873 0.57433909996003 0.677165354330709 0.533175674093379 0.6 0.592830896971314
0.637833383875873 0.5296222296829 0.47244094488189 0.8277331449521 0.4 0.599021379170908
0.637833383875873 0.87480869504775 0.417322834645669 0.766398701648928 0.4 0.648536217531133
0.637833383875873 0.57433909996003 0.354330708661417 0.603959770592636 0.6 0.536331680321692
0.642886212067644 0.682037442274625 0.677165354330709 0.628996381325591 0.4 0.65037991985149
0.642886212067644 0.545177051002285 0.220472440944882 0.628996381325591 0.8 0.490208855976308
0.642886212067644 0.692225933704447 0.330708661417323 0.654803322708852 0.4 0.577483085836546
0.642886212067644 0.343386357141337 0.37007874015748 0.556077595392986 0.6 0.440098727842784
0.642886212067644 0.459207091976074 0.322834645669291 0.38995336427727 0.4 0.444110026946553
0.647845332232778 0.10646689010516 0.330708661417323 0.654803322708852 0.6 0.364989314350292
0.647845332232778 0.184667583968617 0.488188976377953 0.319693745911704 0.6 0.377777250677086
0.647845332232778 0.803958327411657 0.409448818897638 0.654803322708852 0.6 0.63124104194666
0.647845332232778 0.687167508427955 0.543307086614173 0.353882678081622 0.6 0.535692404542689
0.652713184796598 0.632246756970788 0.322834645669291 0.628996381325591 0.6 0.557907993128355
0.652713184796598 0.394679049860455 0.417322834645669 0.766398701648928 0.6 0.509841990791167
0.652713184796598 0.459207091976074 0.598425196850394 0.556077595392986 0.6 0.55867702241863
0.652713184796598 0.314344498571024 0.338582677165354 0.353882678081622 0.8 0.420859156113767
0.65749212501788 0.750164906299361 0.362204724409449 0.737173888967812 0.4 0.608578074676626
0.65749212501788 0.666195116334673 0.15748031496063 0.556077595392986 0.4 0.485833826387792
0.662184426738581 0.417606134735786 0.251968503937008 0.336561300228931 0.6 0.406743073464905
0.662184426738581 0.868601991466656 0.409448818897638 0.766398701648928 0.4 0.656099582234319
0.666792285934294 0.725792866742076 0.511811023622047 0.25645735016008 0.6 0.507190661072161
0.666792285934294 0.478223460369541 0.661417322834646 0.160049339207049 0.6 0.450492519491702
0.666792285934294 0.184667583968617 0.488188976377953 0.319693745911704 0.6 0.383111134020241
0.671317824077806 0.370037582522328 0.440944881889764 0.353882678081622 0.4 0.450749648519757
0.671317824077806 0.227505353741453 0.433070866141732 0.681412524146822 0.2 0.450769554446621
0.671317824077806 0.842713740392177 0.409448818897638 0.796571309756421 0.4 0.653053919263423
0.671317824077806 0.356984637361153 0.204724409448819 0.796571309756421 0.6 0.442061524864003
0.675763091327277 0.692225933704447 0.456692913385827 0.51093120385749 0.6 0.548192170030945
0.675763091327277 0.478223460369541 0.417322834645669 0.681412524146822 0.4 0.519955813775853
0.675763091327277 0.71178349253875 0 0.766398701648928 0.2 0.529634739187499
0.675763091327277 0.417606134735786 0.456692913385827 0.0576008636188398 0.8 0.398840303133919
0.675763091327277 0.314344498571024 0.385826771653543 0.287257917047627 0.8 0.4092098676655
0.675763091327277 0.607674115828091 0.330708661417323 0.8277331449521 0.6 0.59927519129982
0.684420675189816 0.697214797954968 0.338582677165354 0.428046476643157 0.6 0.481098046486185
0.684420675189816 0.439052681392566 0.110236220472441 0.654803322708852 1 0.424608499601074
0.684420675189816 0.370037582522328 0.299212598425197 0.8277331449521 0.4 0.480896971858828
0.68863676199309 0.298775971422096 0.236220472440945 0.766398701648928 0.4 0.414530472753302
0.68863676199309 0.756541347547896 0.433070866141732 0.8277331449521 0.4 0.662880989471802
0.68863676199309 0.671553579639991 0.37007874015748 0.737173888967812 0.4 0.613452198306852
0.692780123592479 0.329192291191883 0.582677165354331 0.708857586651151 0.4 0.553813913688144
0.700855559772835 0.655232596540572 0.346456692913386 0.579663133904375 0.6 0.554546399261129
0.700855559772835 0.66075566474917 0.464566929133858 0.227183941484498 0.6 0.470790852354127
0.700855559772835 0.855877726385783 0.874015748031496 0.111867085385469 0.6 0.600000000000055
0.70479094257601 0.835956575183371 0.409448818897638 0.271660198880265 0.8 0.494519561066838
0.70479094257601 0.620173139080759 0.385826771653543 0.737173888967812 0.4 0.593586836515581
0.70479094257601 0.206828658011353 0.496062992125984 0.447899024123338 0.6 0.458986522429358
0.708660220956156 0.788812843746063 0.598425196850394 0 1 0.500022526914364
0.712464922524519 0.796462170603856 0.62992125984252 0.0408316394988321 0.8 0.527176572032984
0.727066903819577 0.93719841259223 0.456692913385827 0.796571309756421 0.4 0.717547448287006
0.727066903819577 0.93980915064126 0.456692913385827 0.737173888967812 0.4 0.718282414573008
0.730570050809679 0.24689311623375 0.551181102362205 0.447899024123338 0.4 0.476420141329036
0.730570050809679 0.57433909996003 0.566929133858268 0.737173888967812 0.4 0.6182976768071
0.740746361523206 0.298775971422096 0.236220472440945 0.766398701648928 0.4 0.414530472753302
0.744031415812396 0.655232596540572 0.535433070866142 0.468316082350333 0.4 0.577109271300681
0.747264856641292 0.760732043226694 0.590551181102362 0.0375515644561815 0.6 0.497998059210541
0.750447781789762 0.428501784693639 0.401574803149606 0.556077595392986 0.6 0.512295498424012
0.750447781789762 0.8957739235772 0.488188976377953 0.408737819242607 0.4 0.582750344632213
0.756666322346685 0.697214797954968 0.204724409448819 0.8277331449521 0.4 0.608865357387843
0.774214614911894 0.394679049860455 0.748031496062992 0.489319258581996 0.4 0.54548344331853
0.774214614911894 0.655232596540572 0.346456692913386 0.579663133904375 0.6 0.575198196296161
0.787676436676332 0.671553579639991 0.433070866141732 0.796571309756421 0.4 0.646173558994112
0.809572761176641 0.607674115828091 0.283464566929134 0.51093120385749 0.4 0.53722726799152
0.822699988947875 0.560063374818647 0.456692913385827 0.489319258581996 0.6 0.574884402313598
0.822699988947875 0.513332189939335 0.244094488188976 0.603959770592636 0.4 0.532038021798836
0.832844278614067 0.428501784693639 0.31496062992126 0.556077595392986 0.4 0.513491490795564
0.832844278614067 0.626261207129335 0.52755905511811 0.681412524146822 0.4 0.659347444721359
0.84048329957292 0.829076667768906 0.559055118110236 0.737173888967812 0.4 0.721015052529077
0.849482333461425 0.581264045057132 0.362204724409449 0.556077595392986 0.6 0.589432222277052
0.849482333461425 0.521573675631318 0.393700787401575 0.428046476643157 0.4 0.537963893200041
0.849482333461425 0.521573675631318 0.448818897637795 0.766398701648928 0.4 0.595405720024664
0.857916311557282 0.560063374818647 0.433070866141732 0.893201821221105 0.4 0.621591311317209
0.857916311557282 0.814929117139263 0.62992125984252 0.603959770592636 0.4 0.687511451123572
0.862724075557168 0.632246756970788 0.409448818897638 0.654803322708852 0.4 0.640539300742786
0.868858009193304 0.160777495819646 0.511811023622047 0.603959770592636 0.4 0.523163206134984
0.890583110032082 0.692225933704447 0.433070866141732 0.8277331449521 0.4 0.682241413074731
0.951668796685398 0.459207091976074 0.417322834645669 0.796571309756421 0.6 0.587204672955485
0.953286284983232 0.406341050917179 0.488188976377953 0.24163615389195 0.6 0.518480218109967
0.979908230657589 0.702136090254363 0.551181102362205 0.556077595392986 0.8 0.674149276201472
0.984268917281664 0.784928646437761 0.622047244094488 0.681412524146822 0.4 0.751592870096793
0.986046218726164 0.504887741382321 0.68503937007874 0.654803322708852 0.4 0.709975170998326
0.992600638391381 0.265150643984223 0.37007874015748 0.160049339207049 1 0.443244219622451
0.992714810324821 0.382589399856874 0.519685039370079 0.353882678081622 0.6 0.547058368946124
0.992827647078142 0.682037442274625 0.204724409448819 0.737173888967812 0.4 0.648292582597533
0.993581135098978 0.513332189939335 0.346456692913386 0.371674306920417 0.8 0.5403461746888
0.996950773006904 0.692225933704447 0.425196850393701 0.447899024123338 0.4 0.596699894148966
0.997127192429748 0.343386357141337 0.503937007874016 0.336561300228931 0.6 0.525691737110871
1 0.428501784693639 0.551181102362205 0.185922189608235 0.6 0.5277728564817
1 0.868601991466656 0.440944881889764 0.556077595392986 0.4 0.651805450385109
